Vertices
1502
-53.3644 66.2752 -56.8526
-53.9356 67.5211 -57.3957
-52.1017 66.9598 -56.4867
-53.4758 69.0132 -53.8076
-10.5673 8.86285 25.4698
-52.2803 68.5271 -57.6
-56.6783 59.3946 -54.9865
-59.963 60.0745 -53.5252
-49.457 74.3738 -54.5465
-45.6956 -45.0928 7.72264
-4.49939 18.0731 30.2292
-51.0002 76.6288 -53.3791
-58.5685 66.6943 -52.5236
-57.5231 69.86 -52.5993
-55.4237 70.9391 -48.583
-51.0946 73.3654 -52.4542
33.9551 -21.9843 9.68987
-52.893 74.8541 -54.1019
10.7231 21.5847 28.3813
-56.4372 65.0951 -49.8372
-22.5053 5.50656 26.1872
-58.9343 58.2285 -52.4025
-55.7594 68.6576 -48.5591
-24.6679 -15.388 11.0236
-59.031 71.1616 -46.3714
-36.015 0.535344 18.7421
-55.4962 76.0441 -51.0674
-59.3438 62.0621 -52.4226
-56.7717 64.5301 -48.7458
13.1267 -51.0394 21.0598
-50.8911 76.0177 -52.0711
-57.1436 75.9603 -45.7224
-56.7076 59.3399 -46.1925
-0.0592031 61.7122 -47.1389
1.97471 61.3429 -48.5244
-55.9877 64.2707 -46.7431
-37.1269 -36.5523 7.32781
-1.29298 58.9722 -48.561
-61.9467 62.5203 -46.948
-57.4198 63.354 -49.1751
-57.1378 70.2565 -47.5604
-53.5706 72.281 -47.5518
-59.9131 58.6334 -45.9241
-54.0551 66.2803 -45.8802
-61.2236 66.2659 -47.4344
6.54351 2.03221 11.8243
-53.0817 75.0262 -46.0422
2.66825 58.9343 -47.3838
-54.9062 61.0796 -44.1831
-20.5162 32.9086 19.6037
-32.4918 14.6285 11.4801
-48.7772 83.9377 -45.8568
20.8929 39.4527 16.2628
-61.841 65.4337 -44.7352
-51.427 84.3574 -43.2246
3.65542 62.7108 -39.7486
23.7837 50.4231 19.8628
5.62998 56.6483 -43.3062
6.17156 59.8251 -44.1716
-51.3844 82.0652 -45.6716
25.3123 57.8059 20.7189
-2.2622 57.8276 -45.8174
-2.37478 55.9392 -42.3564
-23.6075 -35.7104 18.7419
26.8514 45.4042 8.16009
-62.1511 59.6606 -44.8717
-2.49334 63.2675 -39.517
-62.6354 64.4757 -42.9838
-62.0872 69.2991 -39.7085
-54.9234 69.5325 -46.3965
-52.3693 71.3316 -44.0752
53.5639 82.2305 -43.4528
-53.1914 83.4266 -43.6508
1.89222 55.2769 -41.7216
-60.3366 74.3126 -43.5192
58.8782 74.226 -42.9152
-55.9319 77.2554 -42.7349
-49.3268 81.826 -43.1116
51.9828 80.8136 -43.2766
-35.2338 58.8022 10.059
-25.7168 -16.0412 4.9898
-53.6836 64.3268 -40.8743
-53.4649 76.2776 -43.3497
-51.5185 77.4937 -42.081
-20.4665 26.3286 7.791
31.1668 64.7764 8.35083
-6.49763 58.4079 -42.4112
-60.4723 58.0243 -42.6908
14.1758 26.0993 27.0354
-51.5753 73.9835 -41.4349
59.1621 76.9322 -42.4136
-0.656402 63.7565 -42.3402
52.1988 82.0405 -42.1313
17.8953 80.5964 11.2158
-58.5311 76.4509 -41.3417
10.6009 77.412 31.8039
57.3305 76.9457 -42.9772
7.82168 58.7478 -38.7121
-58.4451 58.3791 -37.548
61.9041 74.1561 -38.799
54.6378 78.8112 -36.4626
4.13807 54.187 -38.3983
-4.64811 60.8133 -44.3026
2.4946 64.5982 -39.0892
54.6664 79.7748 -42.6619
58.2137 79.795 -39.3879
48.6557 87.5918 -40.4075
15.8308 8.11134 24.8853
13.2894 -51.8217 29.7409
-56.9429 78.9093 -36.5818
-28.086 71.3778 9.0121
-50.9602 78.5086 -39.1044
16.9789 -43.8698 29.1509
50.5901 85.493 -38.3535
49.6842 88.9423 -38.6625
-57.0967 79.3923 -39.3382
-4.04208 55.2377 -39.4962
-2.39548 55.4182 -35.4723
-5.21341 55.5608 -36.5292
-38.9574 -37.4846 9.43679
-1.35243 66.0955 -37.0476
-60.4282 74.8514 -37.7114
-1.37767 54.2383 -37.5354
57.4439 82.5892 -37.6105
-27.1033 45.9129 16.0368
-20.3535 -24.8121 8.94994
-62.8669 60.9661 -37.8972
3.88673 69.2495 37.6198
60.243 70.295 -37.5347
25.3781 -10.0389 19.4414
57.9855 75.5792 -37.7974
3.58305 66.8772 -34.7244
54.6179 77.3295 -36.1713
6.06037 56.6213 -37.9642
-52.7932 60.5251 -35.6139
8.03434 61.6465 -37.1864
61.5931 75.1906 -35.421
58.0541 76.5349 -36.5529
-40.6552 -5.90449 8.44574
56.4483 71.0026 -35.9024
-52.9623 76.4254 -33.5073
-12.9937 -1.8252 18.5105
2.541 17.9134 29.8128
55.2336 85.6457 -30.2302
-29.1089 54.5636 16.1994
-61.2032 70.8475 -35.4289
-51.2183 68.5714 -36.9193
-23.2637 9.49484 25.7447
19.3206 46.3527 28.8281
-7.18441 63.477 -35.8718
55.2047 81.3738 -35.4456
-0.983829 51.0614 -31.619
4.63557 20.034 30.8638
30.2257 8.15438 18.2021
-49.4558 60.9964 -32.8313
24.0814 11.2173 22.5725
62.3219 69.3353 -34.3687
-6.13214 71.8194 -34.7407
60.662 76.8966 -34.4147
-20.4365 30.0162 12.9341
0.168694 54.1589 -34.7954
-2.70551 -10.1219 55.0381
-9.87935 27.8381 31.4304
-2.03147 69.6313 -33.8911
16.1617 23.4257 22.1451
-50.0723 74.3908 -35.3833
1.60468 52.2553 -32.6324
3.43776 55.6781 -34.4495
-55.4529 58.3356 -34.5363
8.40327 36.4842 31.0499
8.16931 70.1585 -32.8941
55.4557 81.9122 -34.0944
50.5962 86.6843 -34.7303
-8.8992 60.4955 -33.62
-4.02399 65.5251 -33.0011
37.2747 61.4383 8.21265
-24.7354 41.5105 12.854
-61.7742 67.4008 -34.2159
53.7558 86.9248 -37.4859
49.8836 89.4208 -33.6327
-48.979 56.8961 -29.179
55.4082 68.3051 -31.4311
58.3348 67.3611 -34.2696
-60.2072 65.3804 -30.9431
-26.1718 68.0624 21.4981
6.88072 71.9088 -32.505
-59.7374 74.5027 -34.0765
32.829 -30.5398 19.1189
52.1906 82.6334 -33.7364
48.5208 89.3787 -31.8741
-23.0587 -28.4966 18.3937
-47.3621 68.4493 -31.6391
3.27319 14.3594 28.8353
-2.91962 91.0458 8.84668
-49.4834 71.2712 -32.6402
-53.2515 73.8775 -30.5633
21.0236 75.9919 18.056
-21.289 74.8133 5.61135
57.1736 84.0479 -30.0447
-56.6449 53.7257 -28.2674
-7.14095 58.4097 -34.6048
4.84944 64.4365 -33.1941
-7.5734 66.2139 -30.8818
14.2596 81.6928 6.26861
-50.8228 73.0456 -31.3873
56.1623 74.5821 -36.3831
12.9192 -53.2361 25.1794
-49.8122 56.0579 -33.3228
18.9218 69.8999 29.6197
-60.9185 62.249 -30.6793
4.78207 66.9057 -32.971
30.9374 -44.9061 13.454
49.6252 84.2297 -27.9321
49.7654 90.5257 -31.454
-4.11753 56.1144 -32.2455
-18.8966 71.9454 29.6583
3.93269 56.3964 -31.3951
-6.90331 59.2882 -31.2353
-8.86689 62.648 -29.7562
8.63491 65.9711 -28.3826
-25.3531 -44.1135 20.0238
-57.163 73.4612 -30.0328
58.9542 80.9057 -31.5913
51.0503 80.2413 -31.3888
-43.7352 -52.5932 8.82917
-21.7123 96.0418 -31.4859
-4.35156 52.1389 -30.4065
-52.1814 53.8959 -31.1737
25.3171 -53.234 5.05792
-7.07062 70.0619 -33.3232
-44.7279 69.9795 -31.4651
8.92054 81.2873 28.547
3.54372 49.8019 38.0087
-13.7958 89.202 -30.87
-14.2625 89.7852 -29.6836
14.182 -21.6998 19.7556
13.6294 -21.0933 12.8979
8.27381 58.8094 -32.1999
-59.6183 59.8807 -32.5858
17.4779 -19.292 7.39799
32.646 -24.3123 21.7707
2.98292 71.8793 -29.9708
-58.723 71.5177 -29.2459
-4.19972 75.1051 -30.5288
-10.4609 89.8121 -29.8881
-21.5248 96.9766 -28.8608
4.20726 52.4737 -29.817
8.61491 63.6306 -30.0242
-4.69353 73.5701 -30.4659
53.3067 79.6193 -33.3335
51.6099 84.8586 -29.9986
-9.29004 57.1733 38.7211
-11.1398 3.58491 7.13065
2.01651 3.76897 11.7127
6.20672 58.9269 -29.9698
18.8725 -11.3642 19.0494
59.2356 66.2888 -30.0584
0.162598 76.3283 -28.9977
29.4627 -28.8919 25.8012
10.8925 83.363 -29.3454
1.54036 -1.24348 31.0977
13.6438 87.6768 -29.1781
54.3258 85.1463 -27.4404
14.2367 89.7364 -29.28
52.1879 88.679 -29.0304
27.4071 15.2735 10.1686
-18.6831 93.7999 -29.219
63.7435 71.2166 -31.7006
-45.9342 72.9252 -26.0649
-29.4667 -4.03226 21.115
59.0979 80.2121 -28.8823
11.2779 82.0444 -28.3405
-24.2794 -21.288 18.8417
-29.2596 -35.8189 5.49629
16.817 92.3118 -28.122
18.4334 96.548 -26.5318
18.3453 93.8991 -28.9712
-22.6006 94.5035 -28.6771
-50.4269 51.3538 -25.9479
7.07064 58.1017 -27.1789
20.5031 54.3058 29.8745
-9.74477 72.6309 -27.7685
62.5395 75.5637 -29.1447
2.76866 16.1502 30.2642
26.9141 -32.5461 7.82901
50.9963 84.7675 -22.3798
13.7042 93.2046 -26.5855
21.7948 95.447 -26.3772
20.7665 95.802 -28.0749
-4.1769 54.6984 -26.5314
-43.9303 61.7142 -26.0668
54.7521 65.0151 -27.6042
-44.7923 67.4606 -27.1156
61.4597 67.5642 -27.7321
8.76705 74.2543 -26.0723
52.0078 74.1588 -27.9026
-30.1871 67.822 11.1744
-25.0067 73.7435 10.0061
22.6483 42.118 19.4492
-5.144 49.1915 38.0283
-47.5476 52.8112 -28.0759
-3.46651 -6.57494 48.5984
-9.02635 61.7643 -27.016
-46.1237 72.5877 -29.2714
-10.0956 85.3164 -29.6964
7.8493 86.2061 -25.2899
16.943 -52.8333 14.7449
-28.1514 65.1435 21.683
-16.1407 34.1235 28.4936
2.07573 77.4558 -26.8039
-3.77357 78.4441 -27.0627
-4.97361 -0.077464 44.326
27.2855 -44.0829 9.09389
-19.7266 -7.62234 9.14506
7.59038 68.6472 35.9067
-11.536 85.3069 21.5833
-61.9808 65.7873 -27.6288
24.1249 -53.139 26.5667
-42.8099 70.4902 -24.3376
-8.99947 74.1423 -27.4985
22.4335 -38.0912 13.3079
9.35314 78.479 -25.9458
-10.8619 84.1901 -28.2564
28.2019 -52.9646 22.1943
-21.2124 91.8049 -26.2512
-45.9873 58.4582 -27.6714
49.5821 61.5289 -27.9847
8.58411 62.7463 -27.8681
-11.2144 63.6225 -28.3136
-59.8474 70.5322 -24.499
9.77281 72.9673 -24.7397
-57.5132 73.3415 -26.9285
10.7427 76.9696 -25.1758
4.91432 74.892 -29.6775
-10.1156 79.4903 -25.2262
-6.61812 78.9149 -25.9434
0.305286 79.1975 -27.0684
48.583 81.212 -26.4747
-10.1019 82.1621 -22.7358
-7.2094 11.5994 27.8271
-44.8963 51.6823 -24.3249
14.2648 -10.2155 13.8808
-25.2582 -39.9617 20.4027
13.6348 -38.4044 21.9187
-4.99254 44.7548 35.1395
52.8092 60.1005 -27.1512
-62.7952 61.5155 -26.1005
-13.3904 65.0775 -22.1458
-62.4788 65.7995 -24.1316
-21.3761 -11.1758 12.4079
-14.0489 73.5838 -21.1603
-52.5252 74.3649 -23.8444
59.4428 80.8209 -25.7291
-60.0781 56.2795 -26.7947
47.1862 57.6898 -24.3415
56.3795 58.545 -24.3452
-6.38491 58.6316 -22.0692
29.3537 -40.5882 18.1511
-23.9665 21.658 8.74799
-34.8104 -12.8522 16.3634
54.3436 85.1883 -23.2303
-15.4017 96.0884 -23.7117
-45.5745 54.2531 -24.6258
51.3518 55.2446 -23.423
21.9848 44.7605 23.4409
11.8514 64.7201 -24.9646
52.447 66.7455 -27.2064
50.7681 78.0987 -26.8071
-11.7138 52.8468 37.3024
21.4069 96.244 -24.3872
-15.5247 96.6939 -28.4747
20.3154 -44.5168 29.1442
21.9072 40.5359 8.48453
57.8811 64.8869 -26.5859
20.7085 72.4488 25.5095
-14.1169 69.8103 -23.1596
-32.9044 52.8977 11.3012
5.66083 78.4927 -25.0294
10.7148 84.5861 -25.8177
-7.52379 86.7821 -26.8165
-13.6068 87.2654 -23.6766
-30.0648 57.4165 13.4781
0.434757 52.5193 -26.7874
-9.28768 76.5499 -28.0581
42.2975 55.8519 6.38257
-7.00161 81.6089 -25.2764
16.5986 90.3312 -23.413
26.3257 60.3908 18.0832
-47.5501 49.921 -21.7267
-60.8777 57.5502 -23.2075
8.07169 62.7323 -23.3367
59.9891 65.433 -25.016
-11.7171 62.335 37.1364
-30.5147 -53.7167 10.5351
-8.37488 19.4632 30.3725
19.0975 19.825 20.6544
61.6636 73.9537 -24.5656
-21.5205 21.5896 21.0331
6.69219 80.5131 -24.014
17.7501 25.2644 18.7041
34.842 64.2946 5.39025
49.075 83.6539 -23.2021
-8.7257 90.8804 -23.9259
36.9974 -50.0264 12.5446
49.3737 68.5088 -23.4794
-12.1688 23.2581 29.6944
-26.4856 -45.3491 11.3177
-24.2025 41.765 22.9995
-40.8544 -42.0257 13.5135
-0.422837 80.7384 -23.672
57.655 80.4884 -22.3766
23.2374 -41.8973 13.7833
-18.3764 86.7104 -23.0535
-38.6394 -40.6625 11.1902
-42.9591 56.9304 -22.479
-40.0745 55.5278 -22.6898
-28.9505 58.8248 22.5323
-26.0278 62.3511 26.6588
-63.7628 60.8302 -21.8664
-34.5574 -4.70092 18.0141
30.8278 -32.8176 13.3705
-13.3692 32.1458 29.1721
-40.2964 -29.7183 11.8607
11.7365 75.9069 -22.4767
-11.2271 78.2352 -23.0135
-18.5469 86.75 -23.8084
-20.0755 95.4695 -25.6837
25.6316 66.7851 18.6151
3.01878 89.727 5.631
-53.9163 51.1563 -21.8199
45.7847 53.8361 -21.8219
-14.1845 83.1655 20.791
58.9865 58.4831 -20.5655
48.5304 59.8119 -23.1699
-22.1297 -18.0821 8.96213
-42.1084 63.9783 -22.1343
61.0618 68.0288 -22.2993
-30.8025 -52.6211 20.8315
20.291 89.1648 -21.409
-2.69975 54.2908 -21.5843
-38.9831 61.4286 -21.9038
-19.7665 -5.5639 20.1853
-31.7531 -53.0172 4.90659
-18.7191 44.2378 30.0705
-41.0153 67.1377 -24.5477
-53.1389 -52.1752 6.99077
48.3084 74.4506 -21.4619
18.0128 -22.826 25.0267
5.29648 83.1295 -20.2325
-14.7711 80.8328 -21.722
0.695263 82.8348 -22.8243
16.7975 83.1701 -20.2551
-14.5244 89.6558 -19.3626
-41.6551 52.2456 -20.0957
-7.15203 3.79801 10.6622
-58.1938 72.5342 -22.1622
30.6055 12.3855 12.9379
-54.3933 -49.3585 4.3696
12.3572 73.4115 -20.3965
59.5876 75.1958 -20.9013
9.73276 79.9922 -22.0923
-15.2975 83.4057 -20.2819
19.649 59.872 30.9629
-1.90426 84.8446 -18.3729
-0.71151 -6.56572 46.8611
-26.0648 -27.9107 21.5113
16.9441 91.0262 -19.6712
-26.8035 -15.1435 15.5667
13.8602 83.7345 6.37917
45.0802 56.6154 -19.0945
37.9041 52.7588 10.0925
-37.7259 60.5027 -19.4378
9.47981 65.2502 -19.8949
1.76753 -4.28961 41.7831
-62.2987 69.1331 -22.176
-49.4464 73.3828 -21.444
23.3802 -5.3314 21.5768
12.6909 37.1544 27.0127
3.33289 55.0765 -21.3154
43.4202 55.0766 -20.6165
18.8259 78.8123 12.7079
16.0197 81.0954 -19.4547
17.7627 85.6853 -19.6284
29.6103 2.56015 20.2913
14.4287 -48.268 31.3456
3.37699 5.91201 29.3997
60.2778 69.7905 -20.5486
31.9189 -26.3587 7.70161
-55.2262 71.1562 -18.5657
-48.8404 -50.2034 13.1347
-5.47425 6.78852 20.0918
7.33432 85.6625 -18.9215
-8.13807 7.11727 21.7276
-2.15025 54.4923 -17.9306
-6.42151 44.8529 37.2836
-33.5576 12.7108 18.8608
-39.0833 65.7648 -19.4292
5.07412 7.79735 25.4691
46.1391 71.5561 -19.6446
12.7029 77.4445 -20.9919
54.456 80.2353 -18.5206
-5.72862 70.8021 36.8513
-50.5149 49.9703 -17.8471
-56.9659 54.3652 -17.8179
32.7631 -18.0669 7.82416
5.74637 58.9506 -17.0834
-60.637 63.8292 -15.311
60.5977 70.6254 -16.8938
-19.3186 34.8193 19.6222
-13.8253 76.0274 -16.3813
28.2065 -37.9384 26.7463
16.088 -11.6315 16.0463
49.0846 49.8449 -16.347
-25.2975 48.2574 24.3326
-5.78514 22.7216 31.7259
-11.3654 15.7306 27.473
-26.5997 -8.57454 18.8006
46.4064 65.1772 -20.1636
32.3816 -28.8697 11.2658
-9.91267 64.7143 -21.2449
11.4548 77.1179 -17.3067
-9.4501 68.158 37.1587
-5.06946 84.9634 -21.4269
8.60801 85.0193 -15.9745
-9.33838 89.0209 -19.2883
13.2897 93.3167 -21.6154
-3.67787 0.276719 46.4899
56.3847 54.9563 -17.4268
-39.3524 54.1572 -17.1123
-12.7509 -0.900364 11.1598
-40.7772 -0.151174 7.77067
61.893 63.6652 -19.1989
-9.49328 61.6996 -17.4019
-14.4416 66.0765 -15.5204
32.5678 -18.9989 13.2414
12.3803 64.6768 -21.7209
43.0727 67.1507 -15.5021
-25.0378 -13.0147 13.5721
-10.5631 12.0842 28.2138
-11.5869 79.3379 -18.6089
13.6339 82.1495 21.0562
-19.7303 -9.17363 14.8209
42.7766 52.3956 -18.589
-31.055 -7.23681 18.9015
1.14035 54.7158 -17.5625
6.04641 58.4875 -19.2879
-42.3711 70.1481 -18.967
-50.6132 72.0086 -17.485
24.9217 -53.5795 23.8776
56.6181 79.9109 -19.4974
-39.6358 3.45976 10.6788
-5.1259 85.5688 -17.4646
-0.048435 5.77949 7.57123
-11.0473 -0.878951 15.1443
-38.1661 62.0067 -15.6309
-10.7525 46.4583 36.4546
-9.30251 37.8911 31.5699
-48.9246 70.3984 -14.1717
46.1245 75.43 -18.0294
-6.44309 75.8243 34.3245
-38.9315 -44.4084 18.963
-35.4393 11.4946 10.4521
-31.9399 16.371 15.117
52.4904 52.0138 -18.6786
39.3201 57.1723 -17.3862
-10.3911 59.127 -14.3284
-26.3433 0.911672 24.3199
18.4616 35.1048 14.8897
-16.0374 43.2949 33.5368
11.0289 79.2511 -15.4636
-20.1127 24.1743 7.61386
-5.56003 -10.9106 54.9852
43.5281 49.5984 -14.9114
-61.7214 57.2104 -19.7667
44.4486 60.5445 -18.065
-39.8312 -29.3998 19.7941
-41.6008 67.2556 -14.4281
10.6891 67.4599 -15.684
-6.52289 -4.02797 53.8876
-47.798 49.965 -15.816
-21.9436 42.0722 27.2279
21.9404 -24.6972 26.7778
-60.5609 56.1766 -15.5594
-3.04519 53.5011 -14.4794
33.1214 61.7344 11.8603
-5.60845 56.5944 -17.7381
-16.6809 66.4766 -16.0463
-56.2992 67.4549 -11.9413
7.8876 57.1393 38.3236
51.3783 76.5065 -17.1986
-8.56579 85.1308 -15.0873
-35.2992 6.67394 19.2079
3.12451 54.6608 -14.3898
36.8591 47.5027 9.09478
7.46962 57.8454 -13.9633
-11.2468 87.7945 13.819
37.9585 47.1338 6.28469
14.4072 73.1282 -13.053
56.4726 74.5167 -17.0278
0.241548 89.399 15.7315
-24.6916 -5.70421 21.2795
59.3109 57.447 -14.1891
27.2319 -5.35266 20.2451
-37.8886 57.2581 -16.6346
-12.0756 66.4325 -14.5735
-31.4911 0.986623 22.5794
-17.4457 69.5524 -14.3464
42.5391 72.1307 -16.6803
42.9182 71.3657 -12.8847
-7.93435 80.2485 31.7026
12.3527 31.59 28.7037
41.4338 51.4663 -13.256
27.9911 -43.4833 14.732
-29.4407 -15.925 19.193
-39.6843 -38.863 17.0573
23.0163 74.2279 15.1397
-59.9392 69.4967 -17.5989
17.4436 -52.8025 32.2891
14.2399 68.2965 -15.7795
40.3405 68.882 -14.9646
-15.7111 71.8938 -16.6307
28.4052 11.1368 19.147
-0.611823 89.8616 5.40439
-9.37677 38.4455 -13.8081
-8.7641 46.273 -15.4756
-17.3118 48.2743 -14.6431
-1.71585 -2.40395 32.0775
-15.3902 36.1624 27.2163
13.0515 -33.2019 15.7664
-39.2258 49.8985 -14.6407
-6.11593 0.576847 33.5891
11.7094 -27.3293 14.2581
-8.9069 54.5833 -13.3422
22.1915 74.4652 9.46333
38.0531 60.6857 -14.9042
62.9671 62.694 -15.5929
9.38829 63.9263 -15.551
8.07804 14.7549 27.0877
-3.71387 10.3148 31.2627
-14.3001 42.438 -14.4997
7.92692 40.651 -14.1361
2.31223 41.9218 -13.8905
9.61852 87.2914 8.68973
1.14082 5.65919 19.2825
-1.71003 -5.81924 38.5908
41.4287 61.5127 -14.1558
-45.8472 -53.3873 5.50978
-20.7791 62.2305 -14.16
33.6331 -5.41621 13.6122
-19.2199 69.5304 -11.25
8.60935 26.995 31.5526
52.8942 75.2165 -11.7439
21.566 72.541 22.7084
5.94255 83.5702 -13.1175
-49.5774 -53.419 10.1542
-3.78361 39.2862 -12.5659
16.9572 42.7269 28.4246
14.2424 44.4961 -13.0327
10.8906 -3.75038 12.5519
3.75849 52.8012 -13.8496
32.7837 7.3464 13.888
-23.5501 43.8485 23.8013
39.7869 52.4887 -14.8335
55.8078 53.7023 -11.6264
34.2956 -51.7206 8.13944
-23.127 64.5359 -12.2004
-29.3556 -53.8223 24.2028
-53.3535 68.8593 -14.0569
-28.597 -51.6764 10.0246
-11.1211 79.4847 -14.0872
-22.3699 -51.9465 22.1136
1.71703 84.8971 -15.7342
35.2174 -47.2958 11.1908
0.83807 47.8934 -12.3044
25.236 -45.9424 26.9376
15.0451 -40.4848 18.7519
10.8669 61.371 -12.0211
5.69395 30.3708 31.7431
-28.0895 47.4392 11.9325
0.161737 29.3092 31.4266
-10.6316 80.9443 -10.98
-7.46936 84.0976 -12.6357
12.6087 -29.6021 20.283
0.750632 43.1665 -12.4436
-4.7894 47.4873 -14.2694
45.986 49.3418 -11.8589
-53.1617 51.4084 -15.4414
-19.8902 51.3659 -13.4169
-15.2611 53.467 -13.7721
-32.2965 56.7696 -12.8266
-54.9147 55.0978 -12.6915
-18.3943 82.4306 11.8504
17.1592 81.5547 14.592
-14.2233 85.9893 14.7459
14.9552 83.2274 17.2008
-17.7569 57.5921 -12.8706
-32.684 61.9315 -12.1753
38.6547 64.9961 -12.9713
13.1974 65.1983 -9.51476
-49.3801 67.4725 -10.5831
56.1688 73.4458 -11.1494
-15.4589 75.3606 -10.2888
12.8621 76.355 -11.7118
-35.8686 -20.2036 22.6283
-11.3326 35.3581 31.9515
2.8704 37.6451 -11.792
-40.5046 -31.4866 8.33989
-27.6088 16.7555 19.3599
5.22062 51.8504 -11.7856
-5.80175 52.2642 -12.6907
-6.65243 51.8493 -11.4195
10.583 50.5344 -14.1006
18.9136 -30.1422 7.65031
-20.833 55.5417 -11.2154
-13.7081 55.4708 -12.1069
21.5344 -31.6424 8.81248
-22.7348 55.997 -11.7113
-16.2407 63.0637 -11.9156
-15.5329 0.0601075 22.1476
-39.2503 64.5109 -13.4616
24.913 -41.5281 14.1905
9.57635 80.4765 -13.4958
14.4783 -29.8629 10.0267
-41.8969 -24.5662 7.79718
-17.7241 45.3497 32.1556
-20.1604 47.2431 30.3432
-19.4205 42.2905 -11.1218
-0.553554 47.5981 -11.4353
14.0955 -24.0019 9.13427
-41.98 -26.0479 14.6013
-9.22612 61.0672 38.5263
-41.4982 65.8016 -11.0733
17.9596 63.1564 32.4407
-22.3276 -19.7338 15.3555
-16.0271 38.7983 -11.6109
17.2812 29.0181 19.5813
-44.304 51.1258 -15.1982
-19.4707 64.7055 32.4682
-15.5549 14.3798 26.4326
-39.0835 -12.3985 12.1082
39.0764 55.0122 -12.0833
10.0189 55.0825 -11.3622
-16.7686 71.4269 31.0821
13.1971 58.325 -12.1152
62.4769 64.4579 -9.40473
-58.5435 62.3204 -11.7307
15.758 -12.3071 8.07785
-38.7124 -3.69591 14.197
-12.7722 -3.73596 12.1401
-38.4103 2.15644 14.8078
-2.8788 86.3438 -13.5267
8.99541 34.9628 -10.3499
0.321307 38.8052 -10.3587
-43.6331 49.5086 -12.2216
-47.4749 50.9881 -7.46989
1.81172 -0.145817 41.4721
-51.3096 54.9594 -10.2086
24.5036 65.1384 21.0826
15.977 57.5816 -9.79534
-53.0911 59.864 -10.0073
0.461165 83.821 28.9053
-44.3858 69.1155 -13.7337
47.4329 74.4461 -11.4962
-21.2747 77.336 20.4938
18.8918 24.5737 13.3419
-1.54452 42.4254 -11.9737
-20.0373 32.2474 9.21542
3.27271 0.504649 34.7866
-34.6336 52.1826 -13.0573
17.1196 52.36 -11.5321
-5.54421 86.2675 23.7059
24.4502 45.1651 12.9773
2.30408 4.34464 35.1344
31.6027 9.79408 10.1859
18.0323 64.9453 -12.4496
34.3238 48.4474 11.5327
21.3829 65.5956 -8.8167
17.1926 70.762 29.5008
16.4806 69.6505 -12.4088
-16.5649 72.4705 -12.448
29.1676 9.93106 4.52393
8.8928 80.3942 -9.7339
-42.6168 -18.3543 10.5997
-0.12947 24.3378 31.2827
-39.0319 47.8104 -9.95534
-48.9223 51.6773 -12.4333
27.3968 -45.1058 24.2327
52.8249 51.0946 -10.9121
25.9186 64.2882 17.0086
37.1429 52.9618 -10.0016
-23.394 -47.9857 23.3578
-1.11127 -1.09722 49.1578
21.568 60.1703 -10.023
19.906 58.7616 -9.34275
-12.739 83.6938 23.9149
49.8837 72.9133 -8.96083
-6.48031 31.6408 32.0579
-4.11523 36.9967 -8.88073
-34.1763 -38.6159 22.6955
-41.9377 48.1422 -6.00897
30.0001 -39.074 23.4922
-24.1778 49.4172 -8.5196
-46.2593 -53.7191 13.0855
-31.2475 60.0093 -10.1557
-33.4334 64.3405 -9.47175
-50.2303 60.4429 -7.86129
-37.7125 -32.9396 21.5438
-8.51952 84.1337 25.1166
14.4389 -32.6494 24.8458
35.7116 -53.1583 13.4554
-7.4658 84.7973 -8.80389
38.9052 48.8015 -9.54441
5.39511 36.8196 31.4718
-21.6754 58.374 32.4672
-26.7413 55.3749 -9.40728
7.07411 7.07677 24.8736
-27.8884 61.7525 -8.29757
-29.3209 -20.4062 21.2172
14.904 33.0173 26.7283
-38.6345 53.0228 8.70158
-15.0672 77.2675 -6.96662
-42.3083 -53.5533 -6.63736
-43.7526 -52.8514 -7.6061
-42.9519 -51.3498 -8.79664
-1.11953 29.3116 -9.24843
20.4835 -15.8572 20.1308
-9.87237 34.2473 -9.92111
4.92312 30.0305 -8.45878
9.59077 38.902 31.6496
-38.8166 59.4701 7.87881
-40.3768 -36.7228 12.7598
-18.8244 40.9393 30.131
38.5144 60.1432 -10.0948
15.6618 -1.83694 22.8552
0.399801 89.3979 17.5471
58.2732 71.4718 -7.77683
25.683 3.37101 23.6314
12.4638 75.9487 -8.22073
5.45882 83.9998 -8.02303
-0.824431 86.4353 -9.09358
30.3814 -16.4603 16.3595
-7.82673 29.4629 -7.83161
-28.7068 55.3372 18.5659
-28.8803 65.301 7.51082
-40.1232 -14.1785 14.1566
-31.576 48.7277 -9.88277
-27.4899 48.5726 -6.75275
19.0982 47.7915 -10.5431
59.7786 56.6481 -9.51902
18.3405 57.0959 -7.99786
35.6423 57.5242 -8.31181
-47.2854 65.0321 -8.37507
40.2333 65.549 -8.63961
-20.0294 76.8777 3.49063
-12.7344 32.1679 -3.62642
-9.06917 33.0552 -6.22531
33.0093 2.25753 15.2236
13.9711 40.3137 -11.5736
20.1738 12.2198 22.2615
30.0965 48.5659 -5.72733
39.331 46.6298 -7.04868
24.3148 63.3807 -4.39082
43.8283 66.4741 -4.80704
25.6196 -26.0977 27.4833
11.1604 79.1544 -6.67875
-42.5836 -53.4056 -9.64658
18.2327 -39.4007 29.5289
-22.4474 40.9585 19.9903
51.9801 52.7251 -6.39747
22.6808 51.7512 27.0867
-3.88521 76.8731 34.9129
-39.7673 66.4398 -6.70052
-2.85098 -5.28897 35.9986
44.9171 70.2757 -8.07864
56.1028 69.5325 -4.8136
31.8026 53.0772 14.7612
-13.498 83.2416 -7.16918
24.4284 69.3231 21.3005
5.07429 34.9185 -8.01434
13.5894 33.1955 -5.30663
-35.4027 46.2916 -5.67814
32.8936 -47.8368 10.1564
29.7567 61.9196 13.2862
-30.0679 62.3376 14.6039
21.6585 55.9438 -7.52749
-29.7732 64.4864 12.6702
39.5418 62.7654 -5.73802
27.0197 65.3957 12.5387
58.5756 67.2329 -4.61594
5.17134 85.4676 24.2935
-6.20277 -1.89103 38.1536
-20.5 72.1173 -4.88456
-50.4288 -48.3953 9.29477
16.368 71.1051 -7.6316
23.6826 58.3569 26.0164
-11.6408 80.6993 -7.42331
2.00566 28.9845 33.2163
-4.06013 89.6795 -7.65516
2.43783 22.7736 -5.85714
-24.7156 -53.8681 19.6745
-2.82068 -8.58155 57.1537
20.6218 42.502 -6.01487
-42.5705 -47.5033 16.2184
-27.2192 -44.2438 23.0569
34.6401 -53.3507 16.6975
-29.3848 63.4684 17.2916
7.63598 86.5479 -7.24647
2.48251 89.1657 -7.4882
27.2731 -52.269 -5.8421
-40.317 -49.6614 -6.81009
-2.80144 27.1634 -7.0833
-27.3913 -36.881 22.5031
-22.9448 42.0817 -5.59973
41.7215 47.2955 -4.75273
27.7918 53.3806 -6.50295
24.933 55.9283 -6.70752
-23.4384 -40.7154 17.3437
33.8426 59.3681 -8.11281
3.27328 33.4294 32.0819
-26.6038 62.6087 -8.16271
-23.7748 68.0227 -8.38073
53.1235 70.6744 -7.66093
-17.8847 78.3348 -5.5247
-9.5975 87.7164 -6.46386
-23.6975 -40.3947 13.4387
26.3487 -49.4067 -3.8694
-30.323 -25.7885 22.8906
15.1322 -36.4768 14.4196
24.444 -34.0166 29.4647
5.42131 42.1924 33.6566
21.7626 50.4958 -6.71079
-48.7231 55.3798 -4.90525
29.3018 58.038 -5.46589
-23.6836 -12.1551 12.0767
32.3424 -25.9872 13.3128
23.6148 -39.9897 29.1551
-38.6728 -53.1216 16.7712
-48.7567 -52.2427 -5.28959
-0.799275 3.62588 38.0741
-51.3017 -49.9207 -4.24777
-41.9683 -19.6638 13.737
3.71255 19.3799 -4.79796
-0.234068 20.3739 -6.25709
-7.02764 21.746 -4.72196
-7.62156 24.2266 -5.50846
-8.78166 28.6733 -5.2009
24.3307 -15.7067 20.2975
48.7854 50.5659 -7.63727
58.4461 56.8594 -6.15789
19.294 -7.45626 20.9277
13.7857 75.9503 -5.78482
13.246 80.6547 -6.04461
-14.2583 83.2598 -5.0602
9.77672 85.1692 -3.88397
7.46899 87.881 -4.98799
-52.4767 -53.7897 -6.20305
6.1216 26.6852 -5.18743
16.9252 36.6636 -4.2713
7.49649 1.39228 15.4774
1.9763 2.84845 28.5092
27.8891 62.1663 -3.67448
-2.33087 2.16885 27.8415
-20.7598 75.8641 -5.24442
-36.759 9.02712 14.5909
13.3728 82.1748 -3.11859
-3.40043 89.8282 -5.04269
-26.9462 17.9058 10.9042
21.367 18.0389 15.4876
22.4633 19.0241 11.4853
5.54545 44.5783 36.694
-5.43931 7.37842 30.1978
-46.9481 48.6919 -5.97128
-48.6397 51.5737 -3.23299
-47.4747 61.6534 -5.332
34.192 62.1594 -4.11837
32.3032 -11.2218 9.6
-19.9672 77.2403 -2.44612
-9.57068 75.7889 33.3954
29.298 -52.4787 -5.01832
27.1997 -48.8345 -1.39085
28.4413 48.5492 13.2692
3.02645 15.299 -3.33758
-1.22783 18.1065 -4.75373
-17.5475 26.1594 25.0974
-24.3479 45.1034 -3.4491
35.7609 45.2774 -4.02191
17.317 31.967 22.1354
32.433 46.3025 -6.23854
-5.15225 -12.4222 57.8244
21.3249 67.574 -5.33949
-25.45 70.1697 -1.91915
-49.0857 -53.7141 -2.7023
26.4902 -52.4173 0.764499
-40.0626 -52.8839 -6.35522
19.1621 79.3432 18.6754
-41.5326 -49.3744 -4.83173
-5.35333 11.4406 -2.42437
-3.09377 15.4991 -4.58397
16.8544 80.8916 15.5499
-28.8541 53.6108 19.9129
5.51427 22.5068 -2.96915
-0.228733 9.94957 32.1118
-31.9447 45.9432 -3.65005
26.2094 47.2798 -3.84362
19.8281 -53.5328 8.05319
-47.8635 62.4195 -2.42099
-0.529777 27.1621 32.9399
-45.1684 65.9278 -5.51879
-41.6462 65.1392 -2.34734
48.2575 69.0522 -5.39309
-26.9505 67.9981 -3.13432
-15.1775 81.3329 -3.30693
35.9588 -52.518 -3.23613
29.1137 -44.1385 20.187
-17.2316 82.0979 15.3058
-5.4371 14.1841 -2.84062
-18.8359 36.113 -3.55939
34.8743 -47.5546 15.2078
20.1969 22.7631 9.79049
53.752 58.2922 -2.12331
-37.3633 -53.1264 20.3015
0.1722 48.5521 35.4449
-25.2568 72.9368 -2.6964
17.0754 -44.7577 15.2642
37.1244 -54.0645 -2.578
-47.2015 -48.2242 -2.52892
27.9388 -5.58671 -2.80697
14.896 -43.9737 24.3997
-33.1958 -43.9363 22.3834
9.89606 48.1071 35.7222
-7.98685 21.4389 -2.28654
-9.10987 28.0189 -3.53087
10.2638 31.4396 -3.45606
43.9619 48.6255 -0.619377
23.9486 41.5002 11.8553
49.6317 55.8874 -3.15153
-26.5109 43.7413 5.46629
42.006 64.22 -3.39697
-31.6078 65.4534 -5.63973
-29.8303 -39.4148 23.0796
20.2991 72.4564 -2.41239
-23.0201 74.9161 -1.56621
16.9132 77.7946 -3.51794
4.80983 87.9229 -3.30235
-19.1299 23.9631 23.1527
-37.0452 -7.85011 -3.44854
-30.7041 -1.91743 -2.59818
-31.655 -32.5024 23.2755
24.6241 -0.105279 -2.64334
25.547 -44.4121 26.1141
25.1065 4.21653 -1.87364
-0.847681 11.1309 -3.20325
-6.44911 17.1668 -3.16889
-9.44652 39.7659 33.3208
31.4283 -31.2146 15.3583
-24.8025 -10.9349 16.0584
14.4996 45.2645 32.1606
-36.3076 -49.3534 -1.6414
18.3749 51.8473 31.3355
-20.7006 54.311 32.9025
-41.1967 -6.05888 -1.14566
30.4608 -0.0911408 0.043811
-34.6461 1.26667 -2.18901
15.9615 4.21143 -1.08296
-6.20164 -2.74159 43.1469
-36.3832 -49.66 21.9515
22.5345 45.5746 -3.16276
-49.2167 57.3596 -1.83575
23.5777 14.647 17.9752
48.2103 60.7473 -1.31932
40.3359 62.5616 2.3468
50.0243 64.6015 -2.14393
55.3801 65.1117 -2.16991
-35.2901 66.4415 -3.17304
-22.0776 25.2611 17.5281
-43.4845 -52.6638 1.31695
31.5309 -48.7437 0.900646
19.3169 28.9942 12.5606
-15.5516 47.757 35.2879
-15.7801 27.6593 27.754
-31.4349 5.02479 23.0108
16.2402 70.1416 31.3319
-34.335 -11.819 -1.44363
-40.173 -11.7845 -2.59737
-32.2351 -7.72873 -2.24763
-38.6284 -3.17872 -0.0294171
20.8852 -4.05653 -2.31336
15.8673 72.7873 30.0531
-12.4951 71.2699 34.0297
-23.4452 6.19862 -1.62905
-30.8748 10.5111 22.9539
4.88197 18.0562 -2.08477
8.58602 88.1281 13.1414
-28.5134 12.5298 23.6224
7.5589 78.0873 32.6821
-17.2587 35.3025 -1.8623
19.0434 69.6867 -1.71867
20.7302 72.9763 -0.0709263
14.569 79.3036 -2.02582
33.38 -54.0788 10.4552
-19.1155 80.4406 14.4674
-38.5842 -46.5979 0.172874
29.2976 -14.902 -1.84394
32.5302 -14.64 -1.14512
30.4449 -9.92153 -0.486507
-6.06289 -4.30328 48.2807
-14.6107 56.6836 37.1583
-3.5918 7.22788 -1.08728
27.9243 -52.9352 16.5863
4.1154 12.9651 -0.562504
-11.999 23.1414 -1.63904
-45.3645 51.8025 -1.46369
44.1251 63.1651 -0.986308
-45.7352 -45.0782 11.6138
-4.79521 33.9348 34.3065
1.71337 89.2257 -3.39324
-1.94452 66.5122 38.7556
6.15899 35.3944 33.7933
-5.31777 -7.78674 57.3064
-36.3766 -15.5402 -0.169616
-37.4273 -17.815 -0.434338
-16.1538 82.6246 21.0188
-24.6865 -0.877934 -2.02768
28.6186 -37.3018 14.2583
0.254475 67.3714 37.7572
-29.8299 8.38202 -0.0717132
20.2027 8.02831 -0.89986
-25.4175 9.84219 -0.664268
-30.0362 -41.7295 8.66611
-41.493 -30.471 14.9734
12.8719 17.0601 -0.400649
-9.3734 14.505 -0.795466
8.83805 28.4267 -3.16854
10.2358 55.4907 37.0883
19.3267 39.8659 -4.37569
25.4292 44.6324 2.14895
-33.9664 46.0745 3.73704
25.6101 -36.1264 11.0529
-42.8052 -53.1115 16.0032
13.1458 40.8815 31.8698
-42.2865 -51.5798 -0.259993
2.17075 75.5476 35.7462
29.4187 -18.8445 -0.176009
-3.70199 -2.9848 54.6854
-12.331 58.2626 36.9186
24.9192 -11.3114 -1.13389
21.6453 -14.1834 0.836874
-29.4861 -10.7572 16.2109
31.3021 -5.8967 -0.721777
-19.1071 1.92921 -0.176723
29.5876 -32.5598 25.4638
26.7826 7.92846 1.2934
-36.2562 -24.6536 22.723
18.6903 -32.8356 28.7194
29.9991 -10.2833 14.8561
-35.9037 -8.8864 14.9425
-15.4549 17.6121 0.351421
7.2329 27.1274 -1.97365
-16.1846 30.7516 0.833849
17.7435 36.2994 0.748805
45.5742 53.9251 2.10768
22.9303 68.3357 1.09063
32.257 -53.6234 1.11422
21.3654 -53.2141 4.24598
-42.1448 -50.4509 0.578085
-50.2092 -52.4512 -0.125074
31.5582 -51.895 -0.379501
-2.9884 7.21995 15.8163
-38.2947 -22.9885 1.60267
15.4703 -3.1798 0.00565331
-6.66029 7.72362 2.61703
1.19688 8.51788 0.149851
-22.1925 56.1903 30.1945
8.28571 23.7493 -1.13374
-16.2742 40.0173 28.4492
-20.35 35.442 -1.1288
9.43093 70.8985 35.7492
-20.8104 38.3954 -3.0331
42.5918 46.0327 -0.201806
24.9378 7.68595 23.9683
33.8544 64.1309 1.27263
-42.8924 62.7072 0.061581
16.3439 78.6103 0.330995
-18.6819 77.1522 -0.225859
-11.5672 85.7742 -3.92634
-32.6028 -18.564 -0.595093
-27.9146 -21.3974 0.982492
-2.56503 48.5923 38.564
24.7559 69.9341 16.8582
18.7827 -9.16954 0.319916
-27.3411 71.3458 16.6441
-24.5098 -6.91626 -0.303401
-25.5245 74.0025 15.8098
11.5106 7.26847 0.750102
15.4012 -44.1251 18.8026
-20.3353 28.4913 19.9743
-21.3584 13.912 1.39391
-17.7783 31.4642 24.5765
-15.4232 10.4951 0.89864
-0.397467 52.3663 38.2711
31.2962 -47.9061 19.0181
18.5456 39.3779 26.9495
-14.5291 28.9282 1.18176
31.8567 44.7539 -1.67885
37.5905 45.222 0.200754
-27.7461 46.1109 0.453917
31.5839 -53.7809 18.4448
24.6628 70.0313 1.53434
17.0534 76.3679 2.52217
-22.9873 -52.0469 18.1212
-8.62838 88.5326 -4.03425
-36.3307 -52.7225 -0.81945
-47.5809 -49.5241 3.94431
23.6055 52.2715 23.4735
-47.268 -46.7816 0.776874
10.8313 33.9737 31.4306
-42.596 -12.4227 0.942073
33.3382 -10.1367 4.06523
13.9294 -6.79704 18.2143
-25.1808 -44.0547 14.864
-22.2967 73.3036 23.8928
-22.0625 -35.3374 15.0272
17.6941 -41.2222 15.9949
15.2162 33.8378 -0.0445001
-38.5864 47.6574 3.80666
-42.2107 50.3572 1.51028
16.743 23.6475 6.25143
-25.8278 72.469 0.230505
-14.4351 82.6305 3.0169
11.5306 18.3639 25.8333
-21.0729 -27.2381 13.2022
24.8723 55.6911 24.0505
33.3275 -18.8147 2.18927
-39.6083 -15.7451 0.657857
-21.2115 -4.45586 2.37876
16.7605 -16.4761 16.7534
-1.25081 -7.63477 52.7731
-15.5899 -5.26417 16.4452
21.1987 12.828 1.64332
14.9568 -38.5831 26.7174
12.695 27.9897 1.59425
-16.8378 75.9189 27.8581
-40.579 47.908 -0.876567
45.8651 59.4295 0.205909
-15.9541 80.9302 0.957329
-3.65882 88.6477 -3.28929
35.948 -53.6258 0.981218
-6.79005 -9.81123 55.8378
-55.3688 -51.1124 2.11041
0.0373635 55.6354 39.3285
-18.1569 59.5845 35.2949
10.8926 -1.43196 18.6388
-30.0279 -15.5121 0.603515
36.7558 57.3223 11.3086
-41.6301 -13.3724 4.63724
16.2903 -9.35281 3.89141
22.3261 -1.12865 23.6055
-17.2148 -0.585053 1.34432
-38.4786 1.75034 1.33545
10.8205 2.23017 1.64494
-4.36022 -6.09466 41.857
35.198 -2.77124 9.42754
-0.726966 7.68176 13.3045
-30.1863 11.482 2.10941
7.89094 66.9074 37.5731
12.7361 22.4167 2.19359
-0.395983 -4.54789 52.095
19.8433 38.2022 2.38997
-23.2579 40.2544 -1.45359
-2.48763 -6.30974 44.2481
-45.0648 55.9677 0.987087
14.5458 2.86052 23.9818
-42.198 59.0558 3.81761
-37.6998 64.5835 4.56146
26.0821 67.6556 2.86078
-0.599899 4.6055 23.1464
-25.6547 20.5308 15.6178
22.9548 -46.9565 3.68767
-24.9632 -25.83 2.77322
23.3006 -20.7269 2.71078
-5.80448 68.7127 36.6849
-10.3858 1.94707 18.9464
28.6034 54.5881 15.7861
-2.62871 4.80159 2.44937
-11.5428 7.30746 2.76649
-11.0454 77.8158 31.915
-11.9948 87.7087 9.01723
-28.6857 68.8702 14.035
-25.32 74.0098 13.7428
19.1402 78.9734 16.4606
-5.54514 -7.54055 52.3669
22.0806 72.6326 1.90788
-16.0713 82.3159 5.96674
-10.517 87.0993 3.52762
22.593 66.0929 25.8745
-55.9967 -52.6233 3.22785
35.6937 -49.3454 0.196696
-32.6651 -46.5361 5.00987
-33.0989 -30.3015 3.79943
-33.8543 -52.8104 13.138
-42.4085 -18.6698 3.93043
21.194 42.6119 22.3344
4.67085 87.9655 16.2676
-3.85357 36.7731 32.8844
-25.7837 52.9821 25.3087
17.8708 13.2963 1.31716
17.7215 -49.1023 12.8792
34.295 -51.7569 16.9864
-12.602 69.2313 35.3227
23.4403 65.7694 23.3669
-23.7106 -46.604 17.3218
45.1976 60.5343 2.61291
42.1205 59.7487 4.82896
-31.6109 65.597 3.25453
21.0051 69.0408 25.1421
10.6155 85.2522 3.47581
-41.0042 -53.7298 1.55134
-23.3341 69.8875 24.6361
20.0934 -44.7698 10.9154
-39.0361 -44.8011 3.95447
-35.1579 -25.883 1.92214
-31.8781 -23.4857 1.70202
-30.9223 -44.0697 8.19739
-40.433 -21.9218 3.29638
28.3879 -21.2734 2.62441
34.7175 -14.5459 3.61685
-27.6674 -10.6387 1.25725
-15.6853 1.43191 3.58409
7.70466 5.10871 3.08415
1.95593 8.2239 2.5383
9.83282 43.0034 33.8974
18.3077 20.7748 4.2184
-17.3797 21.8257 3.43473
17.0073 34.6778 3.19313
-25.1095 -37.7588 9.49832
41.9553 46.8659 2.32391
44.6827 49.2233 4.21789
-28.924 69.8799 3.73076
-4.63751 89.7817 4.08604
-42.7058 -43.6271 9.98122
21.5784 -50.4023 2.61003
24.7295 -47.0925 4.11529
14.186 55.6707 35.2395
19.3583 -35.5157 10.5392
-40.2328 -27.7436 5.3823
26.521 14.4972 17.2482
25.6797 -25.7968 3.49004
22.1129 -53.5828 28.3298
-24.9302 -18.9758 2.9276
-19.1519 57.3097 33.3964
34.5513 -1.21224 4.12813
-22.2729 -32.9143 10.3193
-36.3528 8.04649 4.21415
15.1443 -27.2042 24.5512
30.3881 -4.44845 18.1353
-26.9638 14.2037 3.73105
10.6279 -5.40405 13.9282
-19.317 33.5106 4.7954
12.2897 58.8455 36.9487
40.8095 49.4391 5.88884
28.8793 65.1065 2.54354
-28.0541 66.4479 2.7361
14.7196 79.3673 2.46917
-25.5484 56.1966 25.2638
6.65407 88.3897 4.83852
-33.9984 -53.8524 2.51871
27.7555 -51.0291 2.66201
-49.8403 -49.8224 3.96479
-35.7062 -46.3495 -0.0165972
-30.0027 -29.0592 2.55625
28.3357 -25.4005 3.98563
-16.235 5.5572 25.7083
-21.5894 -7.43749 4.69596
34.5684 -6.04067 3.7711
20.352 -50.9735 31.2572
7.54232 75.5951 33.0626
6.61486 75.0143 34.7618
10.8666 2.68708 21.7289
-22.1471 23.8784 13.3933
-18.0182 29.9566 6.9984
0.335204 78.2853 34.3263
22.0544 41.7454 2.62059
6.73056 3.26474 20.8147
-10.2462 69.3281 35.2108
-48.4753 -51.9791 5.2967
-33.4696 -51.1045 0.306642
27.512 -47.4808 5.71972
-17.7285 -8.46162 10.8213
30.8724 -45.9536 7.01532
34.9449 -7.18777 8.86047
-24.8227 -31.7979 5.50508
1.35708 -3.52466 35.2772
31.2926 -21.0172 4.89204
-16.7724 73.4276 29.1031
-24.0666 -11.2515 5.94432
8.59138 84.4203 23.5335
10.9688 -1.04799 4.34308
-36.8828 4.65145 1.29595
-17.0365 18.8117 26.4403
16.82 76.6684 27.0451
-24.9481 41.0011 6.8849
32.2894 44.4436 2.70418
-14.9906 85.2869 16.4132
17.6949 38.4276 22.2875
33.6918 4.83773 8.73102
-5.44669 89.075 16.4351
7.02227 3.05308 6.76193
18.5907 -53.4375 13.5724
-32.9459 -33.604 5.16044
31.1587 -18.2748 20.1252
15.099 77.8213 28.1627
-39.162 5.08664 6.76199
9.01784 11.3982 27.1078
-30.412 15.5987 8.54045
25.4183 14.2807 4.95632
-1.74983 41.7748 34.5555
-3.9261 5.87044 9.58439
45.7686 54.2081 4.79076
-1.38665 59.5429 39.2331
25.0193 16.8262 11.2059
30.8101 -36.5488 18.5863
20.0039 75.1481 7.96095
-40.3831 -32.8955 18.1829
19.1186 -52.4547 6.61491
34.902 -51.7516 3.92157
-27.2039 42.8963 15.2375
-5.06385 3.09158 36.5701
-36.2524 -33.3096 5.71564
-40.9998 -20.8002 17.9823
-25.6458 -52.4537 25.8211
17.3964 32.0544 9.85726
33.5585 -21.9976 17.275
17.9239 -52.7005 24.803
-5.18203 84.8514 25.2607
-25.3497 -50.4936 26.0616
-20.8711 37.3269 17.5016
-3.48557 15.2432 29.8148
-31.9804 -47.0849 24.9773
18.1773 56.5294 32.0615
29.7707 -53.7731 6.45622
39.74 -51.2929 5.36925
33.7601 -51.8854 7.16838
-43.8159 -45.5069 3.4792
25.3519 -44.5925 8.21583
-37.5954 -30.8305 5.04341
23.0503 -28.7316 6.36933
21.6859 -24.9756 4.41095
-42.1438 -13.8153 7.29657
19.5762 -13.3486 2.26819
-0.0420287 49.4028 38.5007
-40.9531 -6.44022 4.48969
11.455 66.9491 36.2132
29.0883 -22.5824 25.4587
31.9663 4.19286 3.38266
25.8508 -19.643 24.8141
19.3283 -19.3829 23.855
-20.5322 -0.479343 24.4489
22.6926 16.8391 6.93239
16.5047 28.0324 8.98872
-34.051 49.0407 8.82766
18.9851 3.09109 25.2746
-7.07732 84.6732 26.4903
-32.7716 -52.9163 24.6193
9.41365 59.8031 37.7539
12.5489 -47.9691 25.7354
39.9102 -53.6977 5.91057
40.7701 -53.4664 7.50735
-30.1027 59.2212 17.2837
-54.1849 -52.4538 2.99725
19.5929 -48.1847 5.05856
-46.7151 -47.4756 6.87975
-31.8796 62.497 9.16076
-35.1862 -38.9067 7.44197
-6.01046 7.31875 24.5356
17.7443 -25.9084 6.21394
26.7601 68.1789 9.89056
22.506 39.7271 21.7345
-5.94282 3.94966 30.427
15.6112 31.0619 3.4942
1.27225 59.6813 39.2117
-41.1978 54.741 6.17598
-20.824 79.3119 11.7323
24.6729 51.0793 18.2322
-25.246 72.8417 6.67669
-8.77517 88.7622 5.76895
-25.695 13.9701 23.2663
0.81122 86.0727 25.2792
40.1585 -50.805 7.27893
14.7553 17.6998 25.1596
21.7906 -45.0448 6.80021
-35.2984 -42.3432 8.05812
-21.8437 -25.4727 5.40012
27.9655 -29.3491 6.27382
9.78483 86.607 17.7194
-33.3585 10.3825 3.35049
10.6493 85.4409 15.6292
-21.4113 20.7525 4.23685
18.1806 34.3394 7.27395
-20.2793 35.103 4.54803
32.0714 44.8172 7.21662
-30.3747 46.8249 5.49063
51.8828 85.0405 -30.8007
Triangle_list
3000
0 1 5
1118 988 900
5 2 0
3 2 5
12 1 0
17 8 15
12 13 1
5 1 13
21 7 6
238 98 168
1467 307 905
11 8 17
812 918 1117
19 12 0
206 1407 1432
8 11 30
694 540 998
0 2 19
1247 988 1118
13 3 5
935 866 371
30 15 8
11 17 26
17 15 14
567 1430 1497
3 22 2
39 6 27
480 633 1421
2 22 19
41 14 15
26 17 24
206 29 306
1247 571 988
12 19 28
40 3 13
807 315 431
26 31 11
206 1347 617
403 1307 904
1318 411 1443
1143 1118 900
163 131 120
1247 1118 578
30 41 15
1077 567 986
229 157 174
12 44 13
32 6 39
39 27 38
7 38 27
44 12 28
433 574 517
148 1058 656
31 46 11
21 42 38
110 843 296
388 278 300
1080 591 25
74 26 24
161 988 571
371 1374 674
1188 877 757
47 37 34
28 35 39
44 28 39
43 35 28
815 1382 1377
42 21 32
22 43 19
560 1437 1028
562 495 707
41 69 14
41 30 46
32 39 35
725 1172 1304
69 43 22
24 14 40
37 102 33
65 38 42
38 44 39
24 40 44
102 37 61
34 58 47
34 33 58
53 44 38
900 1236 1266
41 70 69
70 41 46
37 47 61
35 48 32
65 67 38
26 74 31
1266 1143 900
1459 678 376
1237 141 441
161 1236 900
67 53 38
53 24 44
73 61 47
308 556 627
1402 693 1014
57 73 47
73 62 61
72 51 59
255 1235 825
64 1499 980
66 33 102
1174 627 556
74 76 31
54 51 72
55 58 33
53 68 24
1008 1181 1273
59 77 83
1285 807 794
46 31 82
59 51 77
32 87 42
102 61 86
130 139 205
88 650 18
89 165 146
405 394 514
1493 1395 694
70 46 82
678 1036 1425
894 1294 462
81 35 43
68 74 24
75 96 90
658 746 341
59 76 72
78 92 71
62 86 61
32 48 134
103 55 33
135 58 55
575 1152 1428
48 35 81
68 53 67
1407 306 1004
1034 372 771
82 59 83
76 59 82
707 397 1276
339 10 538
104 78 71
212 189 179
122 62 73
87 32 98
98 32 134
1302 889 1493
770 1405 315
613 817 272
99 75 90
57 101 73
83 89 82
881 1388 211
252 454 553
87 126 65
658 45 746
67 65 126
81 43 69
82 89 70
1266 791 1143
578 1290 1247
63 342 916
146 70 89
1389 1261 648
889 1302 834
83 77 111
510 928 935
71 105 104
961 959 260
371 866 112
161 571 1290
62 116 86
97 57 58
81 134 48
70 146 69
682 628 343
1289 994 196
78 100 92
58 135 97
77 51 54
72 115 54
115 72 76
1317 417 215
726 687 625
71 92 123
133 101 57
133 57 97
1405 1486 834
758 769 711
62 122 116
484 1464 108
103 91 66
1206 548 1108
231 889 760
54 115 109
98 126 87
822 865 821
14 24 17
130 90 96
188 171 249
94 109 115
105 71 123
111 77 54
1247 1290 571
1100 763 1121
1188 196 877
102 86 149
777 1399 1087
96 75 139
99 90 136
111 54 109
123 92 150
417 737 215
106 178 113
178 106 114
116 118 86
149 66 102
75 99 128
130 96 139
105 137 104
578 1105 1290
113 172 106
791 526 1143
177 67 126
177 68 67
578 1143 526
145 74 68
885 296 843
74 121 94
146 81 69
130 136 90
116 117 118
301 1236 1290
559 609 977
725 661 443
301 1290 1105
905 307 184
121 74 145
132 104 137
109 140 111
1079 421 1197
114 106 172
200 86 118
173 149 86
477 828 169
828 477 1201
504 534 16
139 75 128
294 333 332
89 111 165
221 186 242
132 100 104
100 150 92
315 1405 1402
1401 1499 64
122 73 160
168 98 134
673 727 709
103 201 55
131 201 103
1281 1167 490
109 94 121
1163 1004 1423
73 101 160
166 167 246
173 86 200
179 189 213
786 357 800
131 103 120
132 137 205
171 113 178
637 142 192
134 81 146
1477 970 1473
267 128 99
137 136 130
165 111 140
172 113 188
311 578 526
82 31 76
741 708 659
135 55 201
120 66 174
68 177 145
128 182 139
192 485 497
99 136 267
1290 1236 161
137 158 136
121 186 109
637 1229 18
105 123 158
178 114 143
578 311 1105
443 661 580
1428 729 575
280 148 869
1266 1236 464
464 1236 301
105 158 137
171 188 113
422 706 830
160 101 166
166 101 167
126 98 238
149 174 66
1428 940 729
128 156 182
215 742 1393
186 121 145
483 836 1354
122 160 151
966 358 1496
141 1281 718
154 134 146
473 1266 464
617 108 206
168 134 207
167 133 237
806 1422 614
237 97 135
174 163 120
1354 602 129
165 194 146
696 554 719
1020 1065 902
249 150 100
849 758 793
123 222 158
1302 1493 1495
1068 858 155
154 191 325
143 114 172
560 902 1065
177 126 183
157 163 174
1009 862 1069
760 1461 609
182 181 139
181 256 291
473 791 1266
818 477 1215
1105 311 1064
171 150 249
117 122 151
118 117 226
1093 707 495
43 28 19
227 168 207
154 180 134
796 783 1006
173 218 149
156 256 182
191 146 194
725 513 661
221 109 186
221 140 109
813 1363 1172
100 132 249
256 293 373
150 171 222
167 216 246
207 134 180
191 154 146
1064 301 1105
831 568 580
131 170 210
315 1402 431
169 828 812
156 267 256
194 303 230
230 191 194
813 417 1363
295 132 205
282 136 158
977 807 1285
764 1226 1458
151 160 166
216 167 237
199 238 168
217 173 200
201 247 135
427 1188 757
1406 253 552
241 131 163
145 177 183
170 131 185
183 186 145
302 226 289
772 938 755
195 165 140
1499 593 775
171 178 198
1424 1246 1296
226 117 151
246 151 166
1262 1416 552
214 118 226
57 47 58
237 135 247
218 174 149
202 229 174
169 1215 477
181 182 256
824 956 910
241 163 248
157 229 281
205 139 181
157 248 163
204 194 165
763 1100 1192
188 249 223
282 158 222
124 999 842
1100 1014 691
202 174 218
473 464 1269
155 1345 1068
267 136 282
394 405 515
518 487 16
775 980 1499
198 178 143
168 227 199
200 214 226
217 200 226
1079 983 405
183 242 186
1461 760 1433
247 201 219
1064 1269 301
219 210 170
129 946 840
1475 887 85
928 863 581
1269 464 301
421 308 1197
928 258 863
248 157 281
195 140 221
249 132 295
783 896 1006
830 706 119
504 1217 975
150 222 123
370 402 244
327 254 237
1081 732 777
209 183 238
318 444 230
219 201 210
938 526 791
654 802 489
194 204 303
778 776 774
928 581 1153
553 1281 141
223 249 295
1020 936 437
212 179 250
999 124 513
302 217 226
755 938 791
613 272 467
526 938 311
715 284 1137
1004 306 1423
267 293 256
281 229 202
248 243 241
243 333 241
960 974 917
118 214 200
329 331 242
1269 1064 1260
233 266 225
244 233 225
244 225 370
151 246 382
359 1147 1155
627 1174 508
216 237 246
274 287 386
242 183 316
408 1339 1113
185 330 170
295 205 181
473 755 791
185 241 294
1049 935 371
575 729 1129
243 257 333
575 1129 1422
270 222 198
250 1501 223
1206 1307 323
234 233 322
179 213 264
1291 1207 1097
225 245 370
226 382 289
246 237 254
894 462 280
247 327 237
206 1432 1347
374 1399 777
220 916 342
183 209 316
485 192 1001
230 292 191
873 608 852
777 208 1314
240 187 1431
1304 513 725
303 318 230
746 239 1235
1354 648 856
238 183 126
187 1420 1054
1087 1399 1410
243 319 383
1138 1020 902
354 479 469
264 262 179
1260 644 1269
1267 1497 1333
353 238 199
1206 904 1307
180 154 325
353 209 238
327 247 219
181 291 366
1064 890 1260
610 650 88
644 473 1269
367 250 223
259 261 271
510 1150 928
261 259 263
198 143 262
766 84 159
275 263 286
1294 208 462
263 274 261
332 333 321
274 263 276
1121 1014 1100
266 277 225
277 245 225
258 928 1150
254 279 246
353 346 209
218 217 302
302 328 218
316 209 346
292 230 444
248 319 243
366 295 181
402 361 524
331 195 221
377 333 309
243 383 310
198 352 270
611 572 685
1501 262 143
261 378 271
379 304 244
927 628 722
1282 882 387
538 4 339
1121 431 1014
263 275 276
1426 1064 311
207 180 300
325 191 290
173 217 218
1153 1239 866
290 191 292
281 202 328
407 661 1425
176 867 1425
219 170 330
333 294 241
330 185 294
396 267 282
281 319 248
581 447 1153
310 257 243
271 321 259
337 212 250
263 259 286
288 287 276
192 497 1412
1482 1282 387
1354 856 483
395 764 399
300 278 227
300 180 362
291 256 373
222 270 282
661 513 124
25 591 749
1378 570 358
310 309 257
944 910 943
1485 738 397
21 38 7
367 223 295
643 1167 1262
338 234 322
264 213 285
674 1374 1347
867 176 1435
504 975 534
254 327 279
291 345 366
609 1461 807
326 366 345
725 1059 1172
329 242 316
267 436 293
311 938 1426
541 441 516
310 383 335
257 309 333
694 1395 540
396 282 270
742 215 737
313 933 1394
259 305 286
266 234 380
151 382 226
572 542 512
374 777 1314
276 275 288
426 370 245
433 366 326
889 1486 760
360 549 410
318 303 268
268 303 204
1172 1363 1304
351 268 195
112 1464 484
336 309 310
674 1049 371
259 321 305
125 434 733
352 198 262
385 304 379
264 360 262
274 378 261
813 737 417
376 819 1459
334 424 338
733 272 190
324 426 245
227 278 199
439 289 382
543 269 419
235 631 682
345 291 373
327 219 365
706 422 723
391 293 436
1154 1354 129
436 267 396
285 360 264
1220 1393 1241
788 60 387
1479 1249 588
85 1274 1475
1307 1017 1200
346 353 389
1249 251 299
279 327 390
764 1018 1226
302 347 328
290 292 435
328 375 281
391 373 293
998 994 1289
553 141 1237
331 351 195
321 333 377
421 704 308
310 335 385
336 310 385
712 715 1343
321 398 305
304 385 322
335 322 385
271 378 332
409 385 522
1347 548 317
379 244 402
425 324 380
1477 1473 961
370 426 361
1426 890 1064
382 246 279
833 1251 1218
1292 691 1286
373 355 345
346 348 316
108 1464 206
738 538 1398
1166 1012 1024
351 475 268
295 446 367
424 334 383
1294 1314 208
1289 196 615
322 335 334
398 377 336
1418 1116 730
1416 454 1284
410 352 262
401 189 212
1264 1124 1479
281 350 319
329 474 455
287 288 369
369 288 275
354 326 363
1467 144 842
317 674 1347
354 433 326
327 535 390
1014 431 1402
380 234 338
292 444 435
330 365 219
1479 1124 1418
271 332 321
661 124 1425
334 338 322
285 189 401
27 6 7
275 286 525
300 340 388
405 1044 515
355 363 345
359 844 703
233 234 266
1495 1493 694
337 250 367
595 193 1484
509 539 350
1232 1324 1142
588 1463 1479
378 460 332
1463 1264 1479
278 429 199
362 414 340
1213 894 280
362 325 414
478 382 279
1116 1418 1124
514 162 405
347 302 519
409 448 398
224 654 646
404 295 366
233 244 304
304 322 233
455 351 331
446 337 367
321 377 398
1145 1142 1146
1447 739 138
460 378 386
361 402 370
918 812 1303
414 453 340
439 382 478
869 1213 280
414 325 290
519 302 356
516 1147 1055
213 189 285
357 1013 720
644 1391 473
331 329 455
380 324 266
324 245 277
588 1249 232
522 385 379
262 360 410
260 1391 626
1249 1479 1418
299 251 368
199 429 353
356 289 439
1412 1229 637
232 1249 1199
354 363 430
538 738 4
329 348 474
330 458 365
350 383 319
294 332 423
863 258 1452
383 350 424
337 446 401
409 398 336
1199 1249 299
1482 56 771
1174 556 1053
522 379 402
324 425 412
426 324 452
516 441 600
844 940 1428
1449 1199 1187
300 227 207
1439 664 1099
278 388 429
767 755 473
936 1299 437
637 192 1412
479 354 430
1190 184 1192
346 389 418
432 355 373
478 279 390
1334 1390 1351
418 348 346
60 788 757
353 503 389
890 644 1260
423 332 460
448 491 398
1044 1398 515
884 793 792
356 302 289
412 452 324
1398 538 515
334 335 383
452 524 361
64 980 771
1077 986 735
388 340 453
373 391 432
459 598 486
834 599 1405
834 1302 599
1257 1284 1327
1194 1023 29
446 295 404
192 283 1436
409 522 450
386 451 460
560 1028 798
525 305 491
438 386 287
426 452 361
275 525 369
503 353 429
1239 112 866
354 469 433
788 1188 427
290 435 414
517 404 433
584 400 85
435 444 440
905 883 1467
730 1116 521
968 1331 1018
446 404 498
1393 1317 215
352 459 396
203 1315 468
539 449 424
1275 961 1473
1249 1418 251
450 448 409
380 338 449
1498 766 1435
842 144 124
425 380 449
242 331 221
1027 1464 112
956 827 1132
563 430 363
414 440 415
389 573 418
1190 905 184
363 355 432
414 435 440
345 363 326
474 348 418
314 127 1264
365 458 535
1197 159 1195
455 488 351
338 424 449
522 463 450
449 461 425
595 1402 1405
461 412 425
1099 228 1439
298 771 56
129 476 949
341 511 1218
1016 1175 1177
391 436 531
440 444 496
496 318 546
404 517 498
1430 1458 1478
970 339 1473
770 1433 1486
423 458 294
423 460 499
764 395 968
1229 1412 1488
386 438 451
402 524 522
812 1117 169
25 747 419
429 388 502
1074 1378 397
1392 16 487
471 415 440
478 390 545
1116 1280 521
432 391 531
1475 633 615
541 1237 441
475 546 268
460 451 499
936 1020 1138
1430 1478 1333
1200 211 1013
400 584 175
1187 1199 299
466 438 369
525 466 369
796 1114 421
496 444 318
806 614 798
563 363 527
432 527 363
389 503 573
369 438 287
356 532 519
471 440 496
472 390 535
280 1438 1058
467 272 733
543 419 1155
523 466 525
475 351 488
459 486 396
872 644 890
424 350 539
410 549 459
589 401 446
549 360 500
148 364 869
1391 260 767
339 4 1473
844 1447 782
767 772 755
528 453 415
799 784 880
232 1199 1449
1221 190 63
112 1239 1027
1187 299 494
1124 127 501
499 451 481
501 1280 1124
574 433 469
916 1221 63
316 348 329
438 482 451
307 1467 416
452 412 461
323 1307 1200
438 466 482
470 384 1253
933 80 1394
187 934 1431
902 560 1113
430 563 512
493 356 439
1239 1153 808
643 1382 815
390 472 545
531 436 486
306 29 1306
488 547 475
491 305 398
655 765 797
352 410 459
500 285 401
522 524 551
388 579 502
767 473 1391
603 415 471
356 493 585
545 472 636
218 328 202
1363 417 416
375 347 620
616 488 455
547 546 475
446 498 558
499 520 423
365 535 327
539 461 449
448 450 671
285 500 360
522 551 463
1447 138 1450
386 378 274
388 453 579
430 512 542
845 880 784
506 418 573
1023 1318 1306
1403 1201 477
472 535 577
531 486 507
546 318 268
336 377 309
459 549 598
458 423 520
1418 730 1144
671 450 463
1044 405 983
251 1418 1144
1393 1220 1317
439 478 544
542 564 479
790 1310 220
831 580 407
681 669 680
528 415 603
1128 924 1322
603 471 554
474 418 506
620 347 586
399 1077 735
926 465 272
481 520 499
589 500 401
536 498 517
481 569 520
60 56 1482
429 502 686
1476 1034 298
994 998 540
478 545 544
963 591 495
1371 738 147
702 520 569
557 546 547
4 738 1371
620 350 375
650 152 18
598 507 486
607 558 498
1318 1443 1489
299 368 555
523 525 491
482 466 569
959 961 1275
558 589 446
357 786 1013
1190 1192 1288
662 564 542
573 503 582
479 564 469
1055 349 541
505 544 545
1001 1436 638
533 519 604
496 546 576
616 474 506
577 636 472
586 606 620
535 458 618
577 535 618
547 488 667
500 598 549
95 1375 1087
258 187 240
572 662 542
1465 664 1440
1090 591 1080
1170 1107 1283
585 565 532
155 621 1345
1420 800 357
545 636 505
1229 1488 164
517 574 536
511 1235 255
455 474 616
576 546 761
509 350 620
467 359 613
509 669 539
598 500 589
764 1458 1077
671 653 448
581 1455 447
461 590 452
448 523 491
452 590 524
524 590 551
749 747 25
679 896 918
294 458 330
564 645 469
594 505 636
531 601 432
496 554 471
507 635 531
604 519 532
1432 548 1347
870 501 127
1230 733 190
730 521 392
1023 1194 1222
597 618 458
557 761 546
431 1241 794
1036 678 1500
1486 1433 760
656 1139 1201
1124 1280 1116
1399 540 1410
730 392 1144
49 308 627
528 736 453
502 579 686
853 197 1481
579 453 736
1422 830 614
766 159 49
592 544 594
927 1222 675
506 573 582
574 469 645
635 601 531
1013 612 720
429 686 503
498 536 619
616 667 488
581 863 1454
1220 1241 1121
597 458 520
127 1124 1264
510 935 800
211 612 1013
539 590 461
551 750 463
1121 763 1220
728 631 236
29 1023 1306
439 544 493
1123 1420 357
1144 368 251
564 634 645
679 1114 1006
1429 1434 1437
470 593 596
719 496 576
819 79 829
1133 588 232
616 587 667
437 393 899
619 607 498
523 721 569
590 681 551
916 220 1219
1294 1309 1314
787 512 563
503 686 690
493 544 583
428 599 1092
296 1288 297
719 554 496
1425 867 407
607 608 558
705 641 640
561 1411 550
539 669 590
653 721 523
750 671 463
625 624 639
688 624 625
645 634 697
736 768 629
527 787 563
1395 889 231
544 592 583
761 731 576
567 1497 372
690 686 756
506 582 745
565 717 532
738 1485 147
533 347 519
645 536 574
604 717 533
1425 1400 176
1276 966 707
1382 958 1377
1344 706 723
618 597 778
364 1213 869
598 589 651
589 558 762
870 127 1141
653 523 448
1229 164 18
639 624 623
153 856 660
572 512 685
1152 703 1428
624 688 684
308 704 556
508 766 49
603 554 803
717 647 533
521 1280 1383
107 1488 1412
1276 397 1378
872 1391 644
619 536 697
645 697 536
436 396 486
850 740 789
681 750 551
286 305 525
699 759 805
509 779 701
153 456 621
624 684 655
641 711 640
147 1093 1090
1147 359 467
1478 1458 1240
1079 405 162
579 736 785
482 569 481
1090 1080 20
1419 265 1457
689 768 603
565 583 632
634 564 662
585 583 565
20 147 1090
401 212 337
1371 147 20
610 986 818
1261 1350 1404
744 635 507
616 506 745
532 717 604
1377 107 815
557 547 667
773 780 265
558 608 762
404 366 433
164 88 18
673 711 641
729 723 422
623 624 655
887 882 85
684 765 655
727 683 765
711 657 640
1221 1230 190
497 815 1412
753 736 629
1358 1451 1463
767 260 485
63 465 911
1144 392 1250
1358 1463 1133
581 1454 1455
594 636 676
696 803 554
1147 543 1155
274 276 287
343 628 675
976 962 1041
649 586 647
253 45 958
586 649 606
509 620 779
187 1054 934
620 606 779
651 700 598
520 702 597
419 747 1155
1017 211 1200
1144 1106 368
1452 1454 863
1307 403 1017
740 662 611
684 688 714
527 663 787
709 632 583
690 582 503
1420 420 1054
594 743 659
641 705 752
740 611 789
647 586 533
647 665 649
681 590 669
1422 806 575
616 745 587
560 614 408
1034 771 298
577 618 698
697 608 619
699 761 557
1029 232 1330
1430 567 1077
569 721 702
734 639 623
269 25 419
726 625 639
902 489 1138
1374 112 484
1461 1433 807
673 641 683
753 629 784
711 673 708
685 512 787
711 708 741
415 453 414
1092 1302 1495
709 583 673
659 673 583
583 592 659
1147 467 537
815 107 1412
368 1106 1078
601 663 527
802 936 1138
582 690 745
739 1447 844
714 565 632
594 676 743
832 697 634
946 255 825
364 656 1301
320 1343 715
1133 232 1029
507 598 700
509 701 669
686 579 785
887 1188 788
657 857 640
1413 966 1355
1354 1154 648
493 583 585
768 845 629
711 769 657
1087 1410 95
625 687 713
428 622 599
1491 125 1351
743 741 659
740 634 662
921 795 1009
148 656 364
601 635 848
717 716 647
232 1449 969
716 695 713
631 628 682
466 523 569
576 731 719
693 1402 595
778 774 618
722 712 1343
1195 983 1079
844 1428 703
1435 766 508
1195 159 1074
762 651 589
805 756 931
1044 1195 1074
395 967 968
1464 29 206
640 751 705
1317 307 417
684 727 765
727 673 683
687 726 801
860 611 685
1429 1437 1462
811 789 611
686 785 756
1055 1147 537
710 632 709
591 963 749
714 695 717
717 565 714
1482 771 980
713 695 714
740 832 634
153 1179 836
1281 553 1167
716 717 695
662 572 611
1419 1457 968
127 1376 1141
636 577 698
699 667 587
1174 1053 831
1460 1179 107
657 847 857
750 839 671
826 734 623
397 738 1398
857 751 640
726 639 734
890 1426 630
629 845 784
769 847 657
684 710 727
1235 236 235
528 603 768
387 882 788
1264 1463 1451
692 642 694
632 710 714
1167 1416 1262
892 1113 9
1342 1358 1133
714 688 713
745 690 759
1422 1129 830
1438 1342 1058
625 713 688
698 676 636
840 1431 534
1431 840 1409
608 697 852
665 920 649
407 1174 831
408 1113 560
507 700 835
649 779 606
837 702 721
810 750 681
623 655 826
1306 1469 1423
804 719 871
1460 836 1179
654 892 445
1068 1345 1419
727 710 709
860 811 611
668 393 442
1310 1219 220
801 713 687
1235 235 1455
1477 1426 970
653 671 839
647 716 665
665 716 816
1080 566 20
696 719 804
676 698 743
745 759 587
127 314 1376
698 618 774
967 395 858
835 744 507
934 534 1431
885 883 905
855 841 945
235 236 631
861 776 989
1135 64 372
751 878 705
752 683 641
765 683 752
1475 615 887
753 785 736
1231 894 1213
116 122 117
601 848 663
758 711 741
1349 813 1172
1434 1429 670
946 129 255
919 665 816
732 462 777
1429 1462 666
393 1209 899
1099 809 904
792 774 776
762 608 873
1280 501 1383
653 781 721
750 810 839
1274 1161 1207
342 63 911
1395 1410 540
917 932 960
621 456 265
1451 314 1264
685 787 947
713 801 716
1313 1471 843
756 759 690
741 743 758
810 876 923
744 848 635
697 832 852
905 1287 885
935 928 866
871 719 731
731 761 851
1467 883 144
820 680 669
820 669 701
1282 584 882
837 721 781
705 878 752
416 417 307
753 784 799
16 1392 504
850 832 740
392 1383 1308
814 689 803
918 1303 679
793 774 792
743 698 793
1500 1205 1036
804 816 696
761 699 851
779 649 701
722 728 1474
375 350 281
1378 358 1276
875 584 1282
838 653 839
681 680 810
752 827 824
998 692 694
787 868 947
265 1345 621
20 718 1371
1282 1482 980
799 971 753
753 754 785
654 1468 1384
846 768 814
1289 480 998
663 848 868
814 716 801
689 814 768
849 769 758
1382 643 253
986 1403 477
1351 125 1230
1498 176 1400
958 1356 1251
107 1271 1460
152 783 514
893 776 778
862 873 852
155 858 107
778 597 893
1237 748 553
1195 1079 1197
651 795 700
810 680 895
822 823 865
824 841 752
797 826 655
789 811 914
467 733 23
814 816 716
963 495 561
793 884 849
814 803 816
803 696 816
1007 851 973
965 1115 897
848 744 948
699 805 851
969 1330 232
152 650 783
1007 731 851
508 49 627
1087 1176 1081
1218 949 833
494 344 1187
555 494 299
501 559 1088
653 838 781
841 797 752
912 801 726
901 857 847
985 811 860
312 612 211
1494 1352 561
754 753 971
909 1101 1057
1271 107 1377
1482 387 60
846 814 801
787 663 868
674 786 1049
832 850 917
756 805 759
919 920 665
871 731 1007
762 873 795
837 597 702
240 1452 258
909 865 823
810 897 839
45 253 1406
897 907 839
1282 980 875
492 1281 490
854 734 826
609 807 977
734 854 1016
857 879 751
1134 857 901
768 846 845
811 859 914
930 1066 847
780 1414 265
838 864 781
769 849 884
961 260 626
1099 1206 1108
873 1009 795
529 1372 252
701 649 891
1405 599 193
747 530 138
893 597 837
864 837 781
599 1302 1092
314 1176 1376
836 602 1354
821 865 993
726 1177 912
392 1308 1250
880 845 1002
45 1396 746
859 811 987
948 868 848
894 1309 1294
615 480 1289
615 196 1188
421 1114 704
884 930 847
904 809 403
932 915 960
9 1113 1339
850 789 914
1288 1287 1190
296 1287 1288
1038 816 804
431 1121 1241
990 891 920
541 516 1055
1099 904 1206
235 1353 447
864 950 837
1322 1490 1128
895 876 810
21 6 32
839 907 838
1314 652 374
240 1431 1409
841 824 910
255 949 1218
1032 878 751
1032 751 879
1177 726 734
797 841 855
124 144 678
1487 403 1466
901 847 1066
175 584 1253
313 1387 349
685 913 860
80 933 23
1002 845 846
868 1035 947
596 1359 470
861 792 776
804 871 1038
470 775 593
399 764 1077
754 756 785
700 921 835
895 680 820
820 876 895
1347 1374 617
907 906 838
897 1115 907
700 795 921
94 115 76
793 698 774
734 1016 1177
568 494 555
164 395 399
265 1419 1345
559 501 870
49 1197 308
45 658 958
1300 723 782
313 529 748
891 649 920
948 1019 868
835 921 874
701 891 820
966 562 707
922 876 820
107 858 1488
864 838 951
838 906 951
923 876 952
841 910 945
829 1480 819
995 909 823
910 956 898
477 818 986
824 827 956
757 788 427
886 1037 852
456 773 265
826 797 855
985 987 811
1032 827 878
879 957 1223
88 735 610
1217 1389 975
984 801 912
854 1095 1016
1134 957 857
933 349 1055
492 4 1371
1288 1192 1100
756 754 931
76 74 94
959 1275 497
884 861 915
1415 929 1021
888 835 874
893 837 950
954 906 907
991 955 937
362 180 325
823 822 995
955 939 937
945 910 944
718 441 141
36 1472 119
854 826 855
1088 977 1393
670 1209 1310
1490 413 1472
1456 20 566
1003 930 914
467 23 537
930 884 915
1492 518 420
1178 1204 860
915 932 914
1123 357 720
468 642 692
594 659 592
1137 1123 720
559 977 1088
744 835 888
1068 967 858
1007 1181 1008
630 1477 961
909 1057 993
925 979 978
877 1314 1309
925 978 908
836 1460 1256
910 898 943
343 1239 808
489 902 1113
792 861 884
801 984 846
1406 1396 45
159 1197 49
913 947 1033
1003 914 859
1437 903 1028
691 853 1481
1322 406 1297
805 931 973
1449 929 969
816 1038 919
932 850 914
406 1219 1310
862 852 1037
1073 1038 871
1329 1283 1171
1437 560 1065
650 610 677
989 893 1096
630 872 890
820 891 962
962 922 820
950 864 951
950 1042 1040
323 674 317
810 923 897
879 857 957
906 954 953
50 562 1413
1043 954 907
817 926 272
897 923 965
1144 1250 1349
942 941 982
548 323 317
941 942 898
898 942 943
944 1031 945
1383 501 1088
203 468 692
320 715 1137
510 800 1150
518 1054 420
1180 974 1360
846 984 1205
1066 930 1003
931 754 972
708 673 659
915 914 930
971 972 754
1099 664 1465
915 861 960
1021 929 1449
974 832 917
886 832 974
973 851 805
1133 1029 1342
797 765 752
903 1434 790
793 758 743
968 1018 764
138 739 1155
951 1042 950
964 951 953
192 1436 1001
78 104 100
42 87 65
1240 1132 1478
982 943 942
1001 1426 938
898 1000 941
1476 1403 52
860 913 1178
1033 1178 913
725 724 1059
1188 887 615
52 1034 1476
1010 920 919
411 320 720
672 1487 1440
867 1174 407
873 862 1009
1071 874 921
1073 871 1008
284 1492 420
909 993 865
1245 965 1210
1153 1353 808
908 978 992
1025 937 939
1218 1356 341
1356 658 341
997 982 981
982 941 1091
1349 1106 1144
1031 944 1030
10 1436 283
1488 395 164
928 1153 866
660 773 153
1242 799 880
1035 868 1019
770 1486 1405
893 950 1096
1306 1318 1469
724 568 555
952 1011 1184
1042 951 964
1474 239 1446
923 1210 965
1220 184 1317
1057 1211 993
1006 1114 796
1056 1330 656
1052 982 997
943 982 1052
943 1030 944
956 1132 1157
854 855 945
1434 903 1437
953 951 906
987 985 1203
1067 931 972
1067 973 931
771 372 64
1010 919 1038
368 1078 555
1096 1161 989
1451 1358 732
1042 964 1098
952 876 922
1435 508 1174
1115 965 1245
822 821 1140
1334 1351 924
605 566 1080
955 1165 939
1088 1308 1383
996 1015 1051
1015 997 1051
175 1253 384
1435 176 1498
997 1015 1052
1251 1377 958
1052 1030 943
1054 518 934
1000 956 1157
651 762 795
718 20 1456
1177 984 912
773 456 153
985 860 1204
786 800 1049
913 685 947
989 776 893
1005 973 1067
1070 886 974
899 1209 670
921 1009 1071
1343 1222 927
617 484 108
874 1072 888
1010 990 920
1454 946 1455
950 1040 1096
1183 976 1041
976 922 962
976 1011 922
1438 732 1358
131 241 185
162 796 421
1410 231 95
986 567 1403
1051 997 1109
1059 1078 1106
1091 941 1000
422 1129 729
408 614 413
1287 296 885
1159 957 1134
1134 901 1066
1460 1271 833
827 1032 1132
947 1160 1033
799 1111 971
578 1118 1143
541 1387 1237
939 1214 1025
628 631 722
724 555 1078
1429 666 899
1472 1128 1490
990 1022 891
952 922 1011
193 595 1405
1029 1056 1342
1454 1452 1409
1270 1067 1111
1043 953 954
955 991 1165
1462 1437 1065
821 993 1316
224 936 802
909 995 1101
1045 1082 1083
1086 1048 1026
1304 1363 999
376 79 819
1372 529 313
1109 997 981
1415 1021 344
1000 898 956
916 1219 924
888 948 744
945 1031 1158
633 1475 1207
1135 1066 1003
1242 1111 799
1072 1019 948
1430 1077 1458
1009 1069 1071
1209 668 1310
1419 968 967
891 1022 962
619 608 607
677 610 1215
650 677 783
1024 1012 1296
314 1451 1081
908 1340 925
1023 320 411
1060 1045 1083
1086 1026 1145
1082 1045 1084
420 1420 1123
1084 1062 1046
144 381 678
567 52 1403
959 497 485
1086 1050 1048
1050 1086 1063
969 828 1330
1062 1089 1046
1122 1046 1089
871 1007 1008
1362 1098 964
1158 1031 1202
50 1413 1494
749 550 747
1173 1091 1000
1110 1031 1030
862 1037 1112
693 691 1014
84 570 1378
1268 984 1177
561 1352 1411
689 603 803
52 372 1034
958 658 1356
1003 987 1203
1003 1203 1135
347 375 328
972 971 1111
1160 947 1035
1035 1019 1069
886 1070 1037
960 1360 974
994 1399 374
861 989 1161
1312 175 384
356 585 532
821 1316 1140
991 937 1075
1366 992 978
937 1025 1164
1119 1233 1083
320 1023 1222
359 739 844
562 50 495
566 269 600
1060 1085 1045
1084 1046 1191
1085 1062 1084
1046 1122 1191
131 210 201
584 875 1253
1061 1026 1048
1048 1050 1061
875 775 470
1063 1126 1050
796 514 783
828 1201 1139
91 33 66
1275 815 497
23 434 80
1223 957 1159
1350 1261 1373
1301 656 1476
889 834 1486
1382 253 958
63 190 465
1136 1242 880
300 362 340
1361 1010 1038
1097 1040 1042
840 975 1154
1022 1227 1041
1184 1293 1210
1361 990 1010
1162 1166 1024
1024 1246 1162
770 807 1433
1296 1246 1024
1164 1075 937
1102 1104 1103
397 1044 1074
1104 1145 1026
1256 1460 833
666 1462 1020
1167 454 1416
1026 1061 1148
1193 1305 1063
1122 1089 1149
1167 553 454
1380 1141 1376
1089 1062 1125
927 722 1343
1051 1107 996
1107 1051 1171
1409 840 946
1052 1131 1030
1157 1173 1000
284 1445 1492
1095 854 1158
924 1351 1221
984 1268 1036
1203 985 1204
987 1003 859
1205 1002 846
1225 1111 1242
1154 129 840
684 714 710
1069 1243 1035
1190 1287 905
1436 10 339
1270 1181 1005
1019 1071 1069
1180 1070 974
1160 1035 1243
1019 1072 1071
1037 1070 1112
1360 960 1161
1241 1393 1285
946 825 1455
976 1244 1011
1338 1115 1245
993 1211 1316
1309 757 877
1057 1385 1211
1296 1012 1076
809 1099 1466
66 120 103
1083 1082 1119
273 1334 1128
1086 1145 1189
1434 670 790
877 196 652
1456 566 600
1063 1086 1169
1253 875 470
887 788 882
1125 1127 1089
1125 1263 1127
1131 1052 1015
1091 1173 1130
1110 1030 1131
1156 1110 1131
1332 1110 1156
1110 1332 1031
1132 1240 1157
1152 1047 926
1240 1173 1157
1375 1380 1376
1175 1016 1095
1177 1175 1498
1498 1268 1177
880 1002 1136
10 142 514
372 52 567
397 1398 1044
1005 1067 1270
1427 706 1444
1112 1069 862
1071 1072 874
1106 1349 1059
1227 1022 990
1096 1040 1097
273 1390 1334
1228 1011 1244
119 706 1427
1338 1245 1210
626 1391 872
939 1165 1212
1164 1101 995
1368 1057 1101
1120 1119 1185
1102 1103 1142
1142 1145 1102
1145 1104 1102
1145 1146 1189
1326 1082 1084
1191 1326 1084
981 982 1091
1228 1293 1184
1062 1085 1258
1087 1081 777
802 1138 489
1061 1050 1151
670 1429 899
495 50 561
630 961 626
763 1192 1220
1109 1130 1193
1015 996 1131
447 1353 1153
1091 1130 1109
972 1111 1067
642 1092 1495
1022 1041 962
1357 1175 1095
975 840 534
760 1380 1094
752 878 827
948 888 1072
1313 1038 1073
1096 1097 1207
1182 1097 1098
1316 1211 1365
1163 908 992
1470 457 892
403 1487 672
1185 1119 1252
44 40 13
1060 1083 1216
1189 1169 1086
228 1099 1108
1104 1026 1148
1140 1075 1164
56 1213 364
492 1473 4
664 1441 881
1485 1093 147
1129 422 830
1059 1349 1172
1305 1126 1063
1170 996 1107
359 1155 739
1173 1265 1130
1237 1387 748
1005 1181 1007
798 614 560
1146 1279 239
1161 960 861
138 1155 747
1158 1357 1095
1032 1223 1478
1134 1066 1381
1204 1401 1203
1281 492 718
550 1411 530
1069 1112 1243
1273 1073 1008
1378 1074 84
648 1154 975
1207 1161 1096
907 1115 1043
1397 1062 1258
1364 1315 953
1443 312 1386
1011 1228 1184
953 1043 1364
1364 1043 428
1115 428 1043
1176 314 1081
978 979 1366
1082 1252 1119
1103 1232 1142
940 723 729
737 1250 1308
1122 1257 1191
800 1420 187
1257 1122 1149
1063 1169 1259
1459 1500 678
1061 1151 1453
1149 1089 1198
1193 1063 1259
1126 1238 1151
1127 1196 1089
428 1092 642
722 631 728
533 586 347
1329 1109 1193
1198 1156 1131
1130 1305 1193
1126 1305 1238
494 568 1053
1132 1032 1478
527 432 601
1374 371 112
93 203 692
1273 829 1471
1336 1178 1033
1033 1160 1336
720 612 411
1317 184 307
511 341 1235
1313 1361 1038
1047 1152 806
1261 856 648
562 966 1413
1041 853 1183
1017 672 211
638 1436 339
1338 622 1115
1075 646 991
1184 1210 923
1211 1385 1365
908 1163 1340
10 514 394
33 91 103
1214 1442 1025
1185 1320 1168
1321 1185 1186
1185 1348 1186
1120 1233 1119
1233 1216 1083
1384 646 654
1252 1082 1326
1189 1146 1448
1296 1076 1388
1326 1191 1234
548 1206 323
870 1380 609
1109 981 1091
812 828 929
1104 1148 1217
622 193 599
1125 1397 1494
1089 1196 1198
1039 1047 798
1329 1171 1109
1299 393 437
542 479 430
1393 977 1285
1196 1156 1198
1333 1223 1159
952 1184 923
306 1407 206
1202 1031 1332
768 736 528
1372 1234 1327
1134 1267 1159
1421 93 480
521 1383 392
1242 1136 1224
220 903 790
903 1039 1028
1270 1272 1181
1125 1062 1397
1273 1313 1073
231 1375 95
413 1490 1339
1042 1098 1097
1244 1183 853
1182 1208 1097
1183 1244 976
929 1415 1303
1315 964 953
991 646 1384
1165 991 1384
1228 1244 1292
1442 1319 1164
1164 1025 1442
1101 1164 1319
1385 1368 1297
1341 979 925
336 385 409
224 1299 936
381 144 883
1324 1279 1142
1146 1142 1279
324 277 266
772 1001 938
1148 1373 1217
1036 1205 984
1376 1176 1087
1107 1171 1283
1193 1328 1329
320 1222 1343
1131 996 1170
1198 1131 1284
315 807 770
1240 1265 1173
794 807 431
1390 1491 1351
399 88 164
1135 1203 1401
691 1481 1100
1027 1239 675
1462 1065 1020
142 152 514
858 395 1488
1485 397 707
830 119 413
1097 1208 1291
36 119 1427
374 652 994
1293 1338 1210
1075 1140 1316
1375 1094 1380
1017 403 672
559 870 609
767 485 772
1002 1205 1136
1303 344 556
1321 1186 1278
1214 939 1212
3 40 22
1438 462 732
894 757 1309
1185 1321 1320
344 1303 1415
610 735 986
1323 1120 1168
587 759 699
515 10 394
980 775 875
1235 1455 825
1348 1185 1252
1233 1120 1300
1233 1254 1216
999 513 1304
376 678 381
1216 1450 1060
489 1113 892
1496 358 570
1060 1450 1085
1234 1191 1257
694 642 1495
88 399 735
1166 1076 1012
1174 867 1435
1198 1284 1257
1149 1198 1257
1217 1325 1103
1263 1125 1494
396 270 352
1131 1170 1284
1168 1120 1185
1013 786 1200
1201 1476 656
1457 265 1414
312 1443 612
1202 1379 1158
159 84 1074
1267 1333 1159
1267 1134 1381
1381 1066 1135
1401 1204 596
441 718 1456
1224 1225 1242
1111 1225 1270
870 1141 1380
1112 1311 1243
1100 1481 1288
602 1256 476
853 1041 1227
1472 413 119
964 1315 1362
1182 1098 1362
1321 1298 1320
1464 1027 1194
442 1365 1385
1340 1277 925
1321 1278 1369
1319 1368 1101
1088 1393 742
850 932 917
1262 253 643
1323 1300 1120
591 1090 495
129 949 255
1325 1232 1103
1193 1259 1328
1255 1169 1189
1148 1350 1373
682 808 1353
1257 1327 1234
959 485 260
364 1301 298
1151 780 1453
1326 80 1252
1196 1127 1355
1377 833 1271
1305 1130 1331
269 566 605
1202 1332 1379
602 836 1256
1056 1029 1330
1268 1498 1400
1136 1205 1500
1204 1178 1335
724 725 443
1070 1311 1112
1396 1259 1169
1361 1337 990
723 940 782
580 568 443
934 16 534
622 428 1115
1476 1201 1403
495 1090 1093
1386 1076 1166
1366 979 1341
1385 1057 1368
1277 1341 925
462 1438 280
654 224 802
490 1275 1473
1379 84 766
926 703 1152
1328 1259 1396
1226 1018 1331
413 614 830
1238 1414 1151
1355 1127 1263
1327 252 1372
1411 1352 1397
1156 1196 1496
480 93 998
1498 1175 1357
465 190 272
1337 1227 990
605 1080 25
1359 596 1204
1417 1336 1160
465 926 1047
511 255 1218
1292 1244 853
1315 203 1362
137 130 205
457 1248 1295
1468 1248 1367
1447 1300 782
1209 393 668
56 60 1213
253 1262 552
1171 1051 1109
1291 1208 1421
1039 911 1047
628 927 675
1093 1485 707
1369 1298 1321
1047 806 798
1346 1279 1324
828 1139 1330
323 786 674
1450 1216 1254
1255 1189 1448
1338 1293 1484
1255 1396 1169
1265 1331 1130
468 1315 642
935 1049 800
1494 1397 1352
780 1151 1414
1483 297 1481
1263 1494 1413
1332 1156 1496
1474 712 722
1151 1050 1126
381 883 885
1276 358 966
1342 1438 1358
656 1330 1139
844 782 940
1160 1243 1311
815 1275 643
339 970 638
142 637 152
610 818 1215
561 550 963
1075 1316 646
1162 1366 1166
1295 1248 1468
133 97 237
1476 298 1301
1392 1370 1324
1387 313 748
934 518 16
1445 715 712
1076 1386 1388
1214 1212 1442
1344 1168 1320
1499 1401 593
1346 1324 1370
1278 1348 1491
1446 1279 1346
1278 1186 1348
715 1445 284
1303 1114 679
152 637 18
240 1409 1452
1233 1300 1254
1087 1375 1376
602 476 129
1371 718 492
1350 1061 1453
1059 724 1078
1389 648 975
1465 1440 1466
408 413 1339
1005 1007 973
447 1455 235
872 630 626
612 1443 411
1265 1226 1331
1217 1103 1104
1333 1478 1223
1221 916 924
894 1231 757
1335 1359 1204
1225 1224 1480
1480 1270 1225
1417 1160 1311
1272 1270 1480
1231 1213 60
1070 1312 1311
842 999 1363
1161 1274 1360
1268 1400 1036
1256 833 949
1081 1451 732
1227 1337 1483
1194 29 1464
853 1227 197
1208 1182 1362
544 505 594
1230 125 733
1439 1162 1246
992 228 1163
617 1374 484
828 969 929
1248 457 1367
749 963 550
1368 1490 1297
1298 1369 1408
672 881 211
737 1349 1250
1320 1444 1344
1221 1351 1230
1168 1344 1323
1490 1319 1339
148 280 1058
494 1053 344
693 1286 691
1137 720 320
809 1466 403
1039 903 342
949 476 1256
1458 1265 1240
1322 1297 1490
1308 1088 742
1394 1326 1372
516 269 543
1357 1158 1379
1381 1497 1267
1498 1357 766
153 483 856
643 490 1167
1178 1336 1335
1483 197 1227
1114 556 704
588 1133 1463
900 988 161
1162 1439 1366
646 1316 224
228 1366 1439
1375 231 1094
661 407 580
1454 1409 946
1341 1386 1366
1369 1278 1390
1432 1407 1108
1453 1404 1350
195 204 165
1324 1232 1392
1377 1251 833
1252 80 1348
693 595 1286
1032 879 1223
638 970 1426
675 1222 1194
231 760 1094
1399 994 540
1292 1286 1293
1441 664 1439
1397 1258 1411
162 421 1079
349 1387 541
1263 1413 1355
1056 1058 1342
187 1150 800
239 1279 1446
156 128 267
1471 381 885
1311 1312 1417
1285 794 1241
1180 400 1070
1180 1360 400
1396 1255 746
1274 85 1360
884 847 769
228 992 1366
1439 1246 1441
1423 1340 1163
1384 1468 1367
187 258 1150
926 817 703
1212 1470 1442
1298 1427 1444
1469 1489 1277
228 1108 1407
1340 1469 1277
1468 445 1295
892 654 489
514 796 162
1445 1446 1346
677 1215 1117
1273 1181 1272
786 323 1200
1426 1477 630
1325 504 1232
728 236 239
1056 656 1058
1325 1217 504
1308 742 737
1389 1217 1373
420 1137 284
896 1117 918
896 677 1117
1152 575 806
613 359 703
1258 530 1411
998 93 692
1045 1085 1084
911 465 1047
595 1484 1286
1265 1458 1226
372 1497 1381
557 667 699
110 1483 1337
1401 596 593
882 584 85
1335 1336 1359
1419 967 1068
638 1426 1001
485 1001 772
798 1028 1039
1292 1293 1228
1306 1423 306
393 1365 442
1316 1365 224
195 268 204
1246 1424 1441
1469 1340 1423
1295 445 457
675 1194 1027
442 1385 1297
1367 457 1470
1215 169 1117
1490 1368 1319
1408 1427 1298
273 1408 1369
208 777 462
1492 1445 1346
903 220 342
239 236 1235
1346 1370 1492
854 945 1158
1353 235 682
1254 1300 1447
1234 1372 1326
50 1494 561
1283 1329 552
1328 552 1329
437 666 1020
1457 1305 1331
1238 1457 1414
924 1128 1334
1481 297 1288
1467 842 416
372 1381 1135
1417 1312 384
568 831 1053
1272 829 1273
400 1360 85
343 675 1239
1123 1137 420
1207 1291 1421
1481 197 1483
911 1039 342
889 1395 1493
1362 203 93
239 1474 728
538 10 515
1338 193 622
1163 228 1004
1471 885 843
1261 1404 856
1341 1277 1443
1491 1390 1278
723 1323 1344
153 621 1179
487 1492 1370
1491 1348 434
553 748 529
80 1326 1394
746 1255 1448
643 1275 490
298 56 364
530 1258 1085
1284 252 1327
1218 1251 1356
482 481 451
23 733 434
1284 1170 1416
678 1425 124
570 84 1379
211 1388 312
1136 1459 1224
1480 1224 819
1349 737 813
983 1195 1044
843 1337 1361
1421 1362 93
142 10 283
1298 1444 1320
1484 193 1338
1487 1466 1440
1333 1497 1430
442 1297 668
1379 1332 570
1296 1388 1424
1192 184 1220
1212 1367 1470
1489 1469 1318
1489 1443 1277
1339 1319 1442
1408 273 1472
1472 273 1128
668 406 1310
1446 1445 1474
198 222 171
60 757 1231
1006 896 679
34 37 33
239 746 1448
1036 1400 1425
1406 1328 1396
1170 1283 1416
633 480 615
1305 1457 1238
966 1496 1196
747 550 530
1450 530 1085
1322 924 1219
1357 1379 766
1322 1219 406
896 783 677
25 269 605
283 192 142
1061 1350 1148
483 153 836
1359 1336 384
1312 1070 400
175 1312 400
1471 79 381
133 167 101
633 1207 1421
443 568 724
79 376 381
1315 1364 642
600 441 1456
516 600 269
691 1292 853
1365 1299 224
393 1299 1365
1424 1388 881
1432 1108 548
344 1053 556
712 1474 1445
492 490 1473
1392 487 1370
1300 1323 723
1146 239 1448
313 1394 1372
1389 1373 1261
138 530 1450
529 252 553
1328 1406 552
1416 1283 552
773 1453 780
652 1314 877
1404 1453 773
966 1196 1355
570 1332 1496
110 296 297
1136 1500 1459
703 817 613
384 1336 1417
1471 829 79
1284 454 252
843 1361 1313
1274 1207 1475
1483 110 297
1395 231 1410
642 1364 428
1404 773 660
1468 654 445
856 1404 660
1004 228 1407
892 457 445
1440 664 881
1341 1443 1386
1470 9 1442
111 89 83
706 1344 1444
155 1179 621
994 652 196
1421 1208 1362
125 1491 434
80 434 1348
1392 1232 504
812 929 1303
1254 1447 1450
1470 892 9
1313 1273 1471
273 1369 1390
670 1310 790
1427 1408 1472
1331 968 1457
349 933 313
1303 556 1114
64 1135 1401
1363 416 842
819 1224 1459
1235 341 746
1297 406 668
384 470 1359
437 899 666
1480 829 1272
808 682 343
843 110 1337
516 543 1147
1099 1465 1466
933 537 23
1286 1484 1293
107 1179 155
1440 881 672
518 1492 487
760 609 1380
312 1388 1386
411 1318 1023
1427 1472 36
1339 1442 9
1021 1187 344
1021 1449 1187
537 933 1055
852 832 886
22 40 69
69 40 14
11 46 30
881 1441 1424
995 1140 1164
995 822 1140
1367 1212 1384
1384 1212 1165
1501 250 262
223 1501 172
179 262 250
172 1501 143
172 188 223
1386 1166 1366
