Vertices
502
0.00309959 -0.0615717 -0.00273738
0.00102464 -0.0638893 -0.0068342
0.0249995 0.0167748 -0.0458786
0.0264778 0.0173929 -0.0505057
0.0278343 0.011714 -0.0462177
0.031475 0.0179435 -0.0432918
0.0295183 0.0132904 -0.0417309
0.023148 0.0222945 -0.0386871
0.0231137 0.0143905 -0.0365998
0.0325531 0.020656 -0.0344854
-0.00473522 0.0295226 -0.0298767
0.0297909 0.017187 -0.0315271
0.0272458 0.0155161 -0.0287945
-0.00280031 0.0225639 -0.0290756
0.0233093 0.0162806 -0.0275659
-0.00421722 -0.0790741 -0.027869
0.0293944 0.0257318 -0.0345604
0.0329459 -0.0664764 -0.0272257
-0.00424275 -0.0840019 -0.0323161
0.0297746 -0.0658658 -0.025886
-0.00437672 0.0226508 -0.018299
0.0232132 0.0254651 -0.0310379
-0.00092652 0.0347769 -0.0281632
0.00379757 0.0285925 -0.0254667
0.0263253 -0.0571424 -0.0284086
0.0216016 0.0209165 -0.0291186
-0.00579246 0.0309139 -0.0228429
-0.00251624 -0.0751904 -0.0230311
0.0318273 -0.0635505 -0.0198365
0.0352964 -0.0525636 -0.0251035
-0.0044137 0.0264356 -0.0202953
0.0024652 0.0238662 -0.0203128
0.0278722 0.0173881 -0.0185812
-0.00313215 -0.0826894 -0.0223643
0.0292953 0.0236567 -0.0258613
-0.00158697 -0.0761449 -0.0163884
0.0304133 -0.0563632 -0.018054
0.0304524 -0.0467125 -0.018611
0.0335745 -0.0603493 -0.0216959
0.0374744 -0.0572731 -0.0203239
0.00475738 0.0257725 -0.0180238
-0.0011206 0.0354596 -0.0180041
0.0368481 -0.047522 -0.0183869
0.0279988 -0.0600221 -0.0172911
0.0304618 -0.043471 -0.0118695
0.00596412 0.0341984 -0.0142137
-0.00922236 0.0303901 -0.0147127
0.00205628 0.00510011 -0.0150296
0.036998 -0.0442003 -0.00740124
-0.00407676 -0.0134349 -0.0123709
0.0324107 -0.0403608 -0.00738697
0.02876 -0.0441844 -0.0096125
-0.00571441 -0.00479091 -0.0102886
0.00231364 0.0162415 -0.00953488
0.00479211 -0.056454 -0.00786786
-0.00709485 0.0190854 -0.00641238
-0.000906602 -0.060203 -0.00441129
0.0399836 -0.0443777 -0.00175355
-0.00271119 0.0143261 -0.00236572
-0.0053739 -0.0252516 -0.00761591
-0.0110178 -0.0039524 0.00151413
-0.00945641 -0.0272659 -0.000156928
-0.0114568 -0.0635037 -0.00198688
0.0409236 -0.0549344 0.00240074
-0.0105767 -0.0164768 -0.00347964
-0.0116357 -0.0439291 0.0017438
0.0393705 -0.00903932 0.00370073
0.0395628 -0.0203274 0.0029815
0.0339217 0.0255315 0.0148081
-0.00905147 -0.066396 0.0125426
-0.0125739 -0.0204692 0.0095399
-0.0129026 -0.0579531 0.00398583
-0.0102894 -0.00157162 0.0100241
0.034734 0.0345173 0.00822914
0.00346291 0.0479245 0.0137891
0.0394048 -0.0103944 0.0126129
0.0312375 0.0384926 0.0219752
-0.000931198 0.0447101 0.0229566
-0.00855569 0.040782 0.0147073
0.0293033 0.0431917 0.0198404
-0.00980332 -0.022612 0.0168033
0.0390355 -0.0351475 0.0236778
0.0329162 0.00722716 0.0151815
0.00429471 0.0525643 0.0221461
0.0100519 -0.0735956 0.0172006
0.0136342 -0.0707605 0.0237155
0.0360889 -0.0276218 0.0238022
-0.00454186 0.0130184 0.0197905
0.0312923 0.0115143 0.0182884
-0.00416414 -0.0159447 0.0232793
-0.00710792 -0.0321505 0.0186518
0.0418014 -0.0507874 0.0196019
0.0310717 0.0278117 0.0240944
0.0404317 -0.0599015 0.0201027
-0.00931996 -0.0422399 0.0253708
0.017356 -0.0678072 0.0290737
0.00200023 0.0253169 -0.0284866
0.000261591 -0.0234453 0.0277278
0.0379979 -0.0545439 0.0292251
-0.00531237 -0.0334146 0.0284207
0.00075978 0.0250435 -0.0403598
-0.00362038 0.0235418 -0.0368283
-0.00690554 0.028166 -0.0395826
-0.0058027 0.0318333 -0.0393855
0.00388854 0.032844 -0.037669
-0.00238673 0.0354393 -0.0406729
0.00146802 0.0331923 -0.0464909
-0.00265795 0.0257333 -0.0485062
-0.0047597 0.0327398 -0.0546503
-0.00261435 0.0358061 -0.0540412
9.99568e-006 0.0345565 -0.0532793
0.000429412 0.0302999 -0.0564214
-0.00322988 0.0279688 -0.0572389
0.00237081 0.0340667 -0.0619717
-0.00421287 0.0288164 -0.0614667
-0.000124725 0.0297697 -0.0631184
0.000493542 0.0380389 -0.0651101
0.00013911 0.035387 -0.0682605
-0.00652251 0.0347921 -0.0625317
-0.00426131 0.0396918 -0.0667551
-0.0080514 0.0365133 -0.0715385
-0.00458797 0.0350511 -0.0685886
-0.0057386 0.0346214 -0.0763781
-0.00445349 0.0437612 -0.0711498
0.0270634 -0.0541667 -0.0218111
-0.00430465 -0.0618313 -0.0200498
-0.00860328 -0.0642092 -0.0189214
0.00235539 -0.0756473 -0.0171896
0.0258733 0.0149105 -0.0186045
-0.00936445 -0.0689966 -0.014924
0.0282581 -0.0498733 -0.0189448
-0.00539302 0.0223195 -0.0127438
-2.86188e-005 -0.0724501 -0.00949656
0.0282546 -0.057104 -0.0130782
0.028536 -0.0462359 -0.0136248
0.00110582 -0.0617044 -0.0148951
0.0312314 0.03497 -0.009855
0.028529 0.0306893 -0.018211
-0.00773471 -0.0568017 -0.0084263
0.0371027 -0.0563088 -0.00897176
0.0390171 -0.0509142 -0.0145617
0.00137614 -0.08388 -0.0758046
0.0309615 -0.00825302 -0.0104593
0.0225655 0.00831846 -0.0141053
-0.00217671 -0.0609079 -0.0122999
0.00845015 0.0390608 -0.00981881
0.00352859 -0.0702747 -0.0106775
0.0362834 -0.0145736 -0.00529469
0.0304277 0.0215376 -0.0121726
0.0318495 0.0250778 -0.0167303
-0.00351438 -0.0589132 -0.00739683
-0.00275118 0.0370621 -0.0140884
-0.00407256 -0.0569881 -0.0133931
-0.0111533 0.0320524 -0.00513036
-0.000744946 0.042942 -0.00413574
-0.00368812 0.0379484 -0.00738476
-0.00725523 0.0356123 -0.0130799
0.0250541 0.00344725 -0.0121649
0.0323622 -0.0379147 -0.00686754
-0.00883117 -0.0632153 -0.00659439
-0.00848896 -0.066925 -0.00182932
0.0262966 0.0145335 -0.00563111
0.0368981 -0.0607157 -0.00503552
0.0247538 0.0388557 -0.00493258
-0.00474119 0.0413197 -0.00313463
-0.00571459 -0.07128 -0.00718636
0.0205674 0.0418159 -0.00729666
-0.00988643 0.0367913 0.00207591
0.0241196 -0.0682786 0.00803006
0.0312368 -0.0596972 -0.00979813
0.0333215 0.0199208 -0.00526255
0.0180833 0.0456824 0.00307015
0.0309145 -0.0696013 0.00704243
0.0338696 0.000792053 -0.00372655
0.00751551 -0.0701955 -0.00107294
0.0347533 0.0328053 -0.00137522
-0.0105157 0.0253751 -0.00782856
0.0352049 0.0257611 -0.0046292
0.040495 -0.0379948 0.0028239
0.0298803 0.0376369 -0.00281208
0.0346678 -0.0653576 0.00188817
-0.0114739 0.0305427 0.0035141
-0.00625608 0.0111144 0.00485555
0.00959925 -0.0707919 0.00227734
0.0360204 -0.0622445 0.00426986
0.029566 0.013833 -0.000415853
-0.00311828 -0.0690541 0.0053207
0.0338893 -0.0309002 0.00100975
0.0319011 0.0124948 0.00664115
0.0321364 0.0422409 0.00966861
-0.00438725 -0.0360885 0.000298515
0.011587 -0.0695634 0.00462745
0.0400102 -0.0601227 0.00871291
0.041613 -0.0492409 0.00794336
0.00764947 0.0433125 0.000428853
-0.00679893 -0.0362597 0.00951956
0.0337639 0.0202029 0.00727061
0.025595 0.046658 0.0082878
0.000247911 -0.0733078 0.0135907
0.0286367 0.0433168 0.00206796
0.0404768 -0.0387718 0.0139839
0.0107895 -0.072266 0.00729187
-0.0108621 -0.0451245 0.0155455
0.00283832 -0.0748568 0.00586363
-0.00576368 0.0443838 0.007674
0.036057 -0.0653905 0.015248
-0.00622017 0.00829353 0.0155726
0.0370962 -0.0324051 0.0130614
0.0194389 0.0486113 0.0180611
0.00828651 0.0470439 0.0119207
0.0156182 -0.0695736 0.0119138
0.0270809 -0.0716144 0.0146709
-0.00679871 0.0163166 0.00808962
0.03962 -0.0229934 0.0164235
0.0225085 0.0476037 0.0205997
-0.00946072 0.0220365 0.0123805
-0.00947978 -0.00844219 0.0161985
0.0344028 -0.0694669 0.0159468
-0.00754782 0.0373538 0.0213781
-0.00223676 -0.0700793 0.0177642
-0.00301799 0.00223382 0.0210904
-0.00970309 0.0306648 0.0185695
0.0369102 -0.0122097 0.0206196
0.00339392 -0.0721431 0.0229503
0.0245713 -0.0715174 0.0210195
-0.00557753 -0.0643711 0.0230896
0.03151 -0.0677083 0.0247805
0.0382462 -0.0356191 0.0285715
-0.0110673 -0.0537066 0.0201933
-0.00302417 -0.0578451 0.0303322
0.0245199 0.0448305 0.0260275
-0.00504223 0.0185654 0.0246318
0.000408731 0.00910176 0.0256721
-0.00525327 0.0264609 0.0269494
0.0282 -0.0637107 0.0307005
-0.00357008 0.0308768 0.0303592
-0.00387561 -0.0439881 0.0318338
0.0211011 0.0212786 0.0350453
0.0281817 0.0345216 0.0280645
-0.00207407 0.0405268 0.0260131
0.0222737 0.0393409 0.0333232
0.00329924 0.0296324 0.0363331
0.00168632 0.0368333 0.032841
0.00244027 0.0183465 0.0334936
0.00140543 0.0407978 -0.0710029
0.020098 0.033675 0.0387664
0.00094098 0.03593 -0.0758451
-0.0086754 0.0416361 -0.0762964
-0.00381824 0.055014 0.0460028
0.00173301 0.0406805 -0.0763229
0.0266443 0.0124974 -0.0535468
0.00694522 0.0211881 0.0384699
0.0295328 0.0189496 -0.0491718
0.0148 0.0273683 0.0460387
0.0300382 0.00662768 -0.0588911
0.032829 0.0152682 -0.0566671
0.0308701 0.016739 -0.0643367
0.0269083 0.00849529 -0.061262
0.0341832 0.00927251 -0.0593993
0.0268789 0.0143801 -0.0661866
0.0338642 0.012973 -0.066173
0.0290818 0.0107262 -0.0665987
0.0252298 0.0177723 -0.0721729
0.0356376 0.0166004 -0.0703581
0.0335765 0.0105076 -0.0709624
0.0271431 0.0109208 -0.073105
0.030512 0.0216256 -0.0728304
0.0327025 0.0220212 -0.0752724
0.0252955 0.018433 -0.0756621
0.0357826 0.0159667 -0.0751655
0.0300195 0.010872 -0.0758383
0.0280879 -0.057015 -0.0103736
0.00353264 -0.0707446 -0.0161488
0.00734292 0.0332633 0.0502936
0.000185331 -0.0650749 -0.0169751
-0.00515841 -0.0700049 -0.0268583
0.0016983 -0.0658052 -0.0187666
0.00331962 -0.0760606 -0.0279636
0.000523064 -0.0690391 -0.0239114
0.00254472 -0.0818591 -0.0224121
0.00182947 -0.0747973 -0.0321312
-0.00590398 -0.0736804 -0.0260001
0.000983316 -0.0841672 -0.0345357
-0.00703755 -0.0787266 -0.034416
-0.00151683 -0.080505 -0.0466079
-0.00504355 -0.0843636 -0.0440308
0.00113952 -0.0835662 -0.0428526
-0.00410846 -0.0806607 -0.0453755
0.000735464 -0.0839894 -0.0512635
-0.000610474 -0.0880743 -0.0477948
0.00246777 -0.0877573 -0.0581973
0.000413559 -0.0823939 -0.0595449
-0.00246149 -0.0909203 -0.0549121
-0.00495011 -0.0819776 -0.0628106
-0.00688948 -0.0866652 -0.057155
-0.00212519 -0.0917553 -0.0611992
-0.00414186 -0.0876956 -0.0653572
-1.73162e-005 -0.0828109 -0.0644979
-0.00793576 -0.0808692 -0.0715041
-0.00333235 -0.0779933 -0.0722566
0.00177155 -0.0816106 -0.0713589
-6.72864e-005 -0.0867092 -0.0650935
-0.00585879 -0.0851821 -0.0652289
-0.00618623 -0.0772791 -0.076142
0.000727009 -0.079075 -0.0757226
-0.00641364 -0.0883702 -0.0725522
0.000656185 -0.0873031 -0.0728705
-0.0086785 -0.083362 -0.0760853
-0.00396234 -0.0884575 -0.0759731
0.0316815 -0.0521179 -0.0271357
0.0377748 -0.0588431 -0.0289656
0.0289734 -0.0589115 -0.0356444
0.0307566 -0.0672805 -0.0403827
0.0351264 -0.0633548 -0.0307859
0.0332854 -0.0582815 -0.0375364
0.0337612 -0.0691158 -0.0434894
0.0356308 -0.0605932 -0.0374542
0.02979 -0.0630637 -0.0449774
0.033723 -0.0630671 -0.0509272
0.0299998 -0.0651205 -0.054579
0.0360595 -0.065118 -0.0508254
0.0311137 -0.0702561 -0.0518577
0.0339939 -0.0633437 -0.0624085
0.0292482 -0.0721377 -0.0602154
0.0362821 -0.0651092 -0.0645313
0.0381173 -0.0689274 -0.0587268
0.0351759 -0.0730994 -0.0593658
0.0301722 -0.0638705 -0.0650879
0.0349589 -0.0602942 -0.0678293
0.0344711 -0.0679881 -0.0669787
0.0301675 -0.0668856 -0.0673969
0.0282859 -0.0610092 -0.0696552
0.028861 -0.0582006 -0.0748079
0.0357636 -0.0560995 -0.0745142
0.0381452 -0.0656434 -0.0693793
0.0323072 -0.0692585 -0.0716678
0.0376193 -0.0667428 -0.0747106
0.0279332 -0.0649481 -0.074965
0.0115683 0.0543177 0.0265739
0.00413867 0.0646181 0.0423441
-0.00264804 0.0487156 0.03567
-0.00202415 0.0561038 0.0405357
0.000599318 0.0622397 0.0374935
0.000391788 0.0508331 0.0293924
0.0103359 0.0511629 0.0647686
-0.00409823 0.0604201 0.041549
-0.00610367 0.0558605 0.0529016
-0.00326357 0.0536975 0.063222
0.00879018 0.0632205 0.063963
-0.0084376 0.0638046 0.0408504
-0.00685511 0.0621002 0.0507506
0.00382775 0.0583612 0.0696154
0.00496485 0.0714459 0.0595205
-0.0130219 0.0702813 0.0385082
-0.00712872 0.069251 0.0388957
-0.0132537 0.0645022 0.0598587
-0.00185142 0.0735676 0.0467038
-0.00401403 0.0791869 0.0428592
-0.0152243 0.0621431 0.0485612
-0.000675397 0.0563649 0.0683719
-0.0281302 0.0731739 0.0424447
-5.1424e-005 0.0663271 0.0707953
-0.0172928 0.0645119 0.0415334
-0.00177878 0.0762722 0.0623611
-0.0127805 0.0649264 0.0680099
-0.0239015 0.0773486 0.0388868
-0.00435272 0.0813265 0.0685316
-0.010717 0.0768252 0.0393264
-0.0157138 0.0847905 0.0432467
-0.0198848 0.0658156 0.0690037
-0.0165613 0.0665181 0.0727484
-0.0112617 0.0709107 0.0714277
-0.00654556 0.0774888 0.0695873
-0.0186565 0.0700146 0.0754539
-0.0128459 0.073716 0.0712798
-0.00973611 0.08245 0.0753689
-0.0317193 0.0773923 0.0399979
-0.0241035 0.084425 0.0390185
-0.013647 0.0788644 0.0701133
-0.0321371 0.0832054 0.0337547
-0.00291822 0.0463244 -0.0764434
0.00321507 -0.0688841 -0.0124919
-0.0326507 0.0890236 0.0338878
-0.0405396 0.0824035 0.0363868
-0.0369865 0.0833715 0.03253
-0.0381941 0.0912893 0.0349861
0.0166544 0.0550384 0.0326004
0.0206192 0.0508061 0.0330969
0.0160529 0.0579214 0.0395938
0.0206871 0.04943 0.0387417
-0.0392838 0.0847651 0.0398551
-0.0358414 0.0895708 0.0391796
-0.0319751 0.0914403 0.0386307
-0.0245191 0.0875102 0.040291
-0.0426292 0.0871774 0.0396261
0.00967113 0.0411488 0.0597486
-0.0339888 0.091004 0.0432164
-0.0386242 0.0911679 0.0415346
0.0170184 0.0534648 0.0485646
-0.0385346 0.0821069 0.0437864
0.000530709 0.0422526 0.0490325
0.0107068 0.0633215 0.0490783
-0.029745 0.0752444 0.0491065
0.0113756 0.0638488 0.0560733
-0.0357798 0.0834787 0.0478554
-0.00534016 0.0531282 0.0563805
0.00505176 0.0420418 0.0579255
-0.0138446 0.0872634 0.0484359
-0.0260165 0.0693347 0.0497381
0.0144629 0.0516352 0.0581094
-0.026403 0.0875711 0.0478159
-0.0294972 0.0782974 0.0553322
0.0140892 0.0384681 0.0556618
-0.000354121 0.0739716 0.0557458
-0.0183649 0.0660923 0.0585806
-0.00727054 0.0835532 0.0541985
-0.0164206 0.0884517 0.0601725
-0.0291776 0.0851307 0.0526601
-0.0268176 0.070002 0.0610593
-0.0144201 0.086858 0.0534164
-0.0221591 0.0790084 0.0623848
-0.0247838 0.0668966 0.0584281
-0.0192807 0.0683955 0.0645158
-0.00723451 0.0828035 0.0634961
-0.0119254 0.0861855 0.0596985
-0.0234751 0.0725935 0.0636802
-0.016399 0.0841446 0.0637228
-0.00743112 0.0864684 0.0727138
-0.0158306 0.0722657 0.071158
-0.000326 -0.0636785 -0.011875
0.00478726 -0.0680577 -0.004205
-0.00904833 0.0834563 0.0667635
-0.00838642 0.0816525 0.0705068
-0.0202896 0.0664203 0.0738306
0.00343553 -0.0641677 -0.0019247
0.00129288 0.0426701 -0.0760288
0.0319808 -0.0488854 0.0348124
0.0300285 -0.022568 0.0286958
0.0264479 0.000171385 0.0258841
0.022745 0.00847819 0.0280381
0.0223393 -0.0205327 0.0318448
0.0321428 -0.036357 0.0350221
0.0257677 0.0193866 0.0309149
0.0216988 -0.00778318 0.0289025
0.0234363 -0.058615 0.0345261
0.0179807 0.00279941 0.0290921
0.0243322 -0.0452334 0.0372516
0.00968253 -0.0107637 0.0289929
0.0153202 0.0172259 0.0381263
0.0148458 -0.049304 0.0373021
0.0236089 -0.0345712 0.0367566
0.0118495 0.0187155 0.0392413
0.00847765 -0.0346339 0.0358838
0.00966127 -0.0208452 0.0311846
0.00820232 0.00143154 0.0283784
0.0075698 0.0135079 0.0356357
0.00403797 -0.0689095 0.0277534
0.0042052 -0.0515691 0.0355909
0.0100771 -0.0615984 0.0333801
0.00257269 -0.0364898 0.0352615
0.0287728 -0.0254091 -0.00819412
0.0282759 -0.0401018 -0.00490343
0.0236173 0.0380374 -0.0120808
0.0230555 -0.00660397 -0.0160206
0.0277538 -0.0312315 -0.00609454
0.0246521 -0.0171961 -0.0144006
0.026583 -0.0440878 -0.00435011
0.026738 -0.0477399 -0.00406685
0.0183569 -0.0326387 -0.00922666
0.0255942 -0.0559983 -0.00517775
0.0253893 -0.0512186 -0.00437309
0.016934 -0.0408321 -0.0025472
0.0183541 0.0247468 -0.0178498
0.019604 0.0179316 -0.0185143
0.0164458 0.00461087 -0.0181926
0.0260316 -0.058864 -0.00728345
0.021956 -0.0216118 -0.0142222
0.0155912 -0.0618818 0.00120697
0.0212062 0.0298275 -0.0166873
0.0183891 -0.0106184 -0.0177058
0.0143713 -0.0453681 -0.00264055
0.0122163 -0.0258266 -0.0141434
0.0106185 -0.0321301 -0.0102052
0.0165555 -0.0559444 -0.00379977
0.00927694 0.0241917 -0.0173033
0.00899181 0.00483979 -0.0188111
0.0118224 -0.0111853 -0.0187555
0.00585013 0.0142228 -0.0173037
0.00902553 -0.0551443 -0.00563831
0.00840653 -0.0674081 0.00344038
0.00353857 -0.0272001 -0.0118733
0.00476162 -0.0138299 -0.0176311
-0.000483123 0.0208245 -0.0189875
0.00317733 -0.0584814 -0.0041196
0.00247341 -0.00109078 -0.0170264
0.00366949 -0.0391072 -0.0024952
0.00558233 -0.0680358 0.00129858
-0.0104102 -0.0506789 -0.0030127
-0.000181714 -0.0407824 -0.00169583
-0.00363134 -0.0505859 -0.00547059
0.00204918 -0.0588676 -0.0123495
-0.00538418 -0.0393504 0.000793115
Colors
502
            0.368627 0.0980392 0.0980392 0.631373 0.356863 0.356863 0.709804 0.435294 0.435294 0.6 0.32549 0.32549 
            0.584314 0.309804 0.309804 0.776471 0.501961 0.501961 0.717647 0.443137 0.443137 0.690196 0.415686 0.415686 
            0.741176 0.466667 0.466667 0.745098 0.470588 0.470588 0.729412 0.454902 0.454902 0.717647 0.443137 0.443137 
            0.368627 0.0980392 0.0980392 0.631373 0.356863 0.356863 0.490196 0.219608 0.219608 0.556863 0.282353 0.282353 
            0.490196 0.219608 0.219608 0.74902 0.47451 0.47451 0.537255 0.262745 0.262745 0.713725 0.439216 0.439216 
            0.772549 0.498039 0.498039 0.768627 0.494118 0.494118 0.721569 0.447059 0.447059 0.745098 0.470588 0.470588 
            0.701961 0.427451 0.427451 0.65098 0.376471 0.376471 0.713725 0.439216 0.439216 0.772549 0.498039 0.498039 
            0.537255 0.262745 0.262745 0.733333 0.458824 0.458824 0.72549 0.45098 0.45098 0.662745 0.388235 0.388235 
            0.741176 0.466667 0.466667 0.733333 0.462745 0.462745 0.74902 0.47451 0.47451 0.741176 0.466667 0.466667 
            0.729412 0.454902 0.454902 0.729412 0.454902 0.454902 0.74902 0.47451 0.47451 0.733333 0.462745 0.462745 
            0.631373 0.356863 0.356863 0.729412 0.454902 0.454902 0.74902 0.47451 0.47451 0.741176 0.466667 0.466667 
            0.745098 0.470588 0.470588 0.717647 0.443137 0.443137 0.709804 0.435294 0.435294 0.733333 0.462745 0.462745 
            0.713725 0.439216 0.439216 0.72549 0.45098 0.45098 0.741176 0.466667 0.466667 0.698039 0.423529 0.423529 
            0.709804 0.435294 0.435294 0.741176 0.466667 0.466667 0.729412 0.454902 0.454902 0.756863 0.482353 0.482353 
            0.733333 0.458824 0.458824 0.772549 0.501961 0.501961 0.458824 0.184314 0.184314 0.545098 0.270588 0.270588 
            0.717647 0.443137 0.443137 0.631373 0.360784 0.360784 0.729412 0.454902 0.454902 0.521569 0.247059 0.247059 
            0.764706 0.490196 0.490196 0.733333 0.462745 0.462745 0.733333 0.462745 0.462745 0.666667 0.392157 0.392157 
            0.729412 0.454902 0.454902 0.603922 0.329412 0.329412 0.733333 0.458824 0.458824 0.741176 0.466667 0.466667 
            0.72549 0.45098 0.45098 0.65098 0.376471 0.376471 0.65098 0.376471 0.376471 0.709804 0.435294 0.435294 
            0.741176 0.466667 0.466667 0.741176 0.466667 0.466667 0.733333 0.462745 0.462745 0.682353 0.411765 0.411765 
            0.407843 0.133333 0.133333 0.592157 0.317647 0.317647 0.368627 0.0980392 0.0980392 0.682353 0.411765 0.411765 
            0.454902 0.180392 0.180392 0.764706 0.490196 0.490196 0.752941 0.482353 0.482353 0.768627 0.494118 0.494118 
            0.639216 0.364706 0.364706 0.47451 0.2 0.2 0.733333 0.462745 0.462745 0.666667 0.392157 0.392157 
            0.619608 0.345098 0.345098 0.647059 0.372549 0.372549 0.678431 0.403922 0.403922 0.72549 0.45098 0.45098 
            0.741176 0.466667 0.466667 0.772549 0.501961 0.501961 0.709804 0.435294 0.435294 0.733333 0.462745 0.462745 
            0.65098 0.376471 0.376471 0.768627 0.494118 0.494118 0.631373 0.356863 0.356863 0.721569 0.447059 0.447059 
            0.647059 0.372549 0.372549 0.717647 0.443137 0.443137 0.580392 0.309804 0.309804 0.368627 0.0980392 0.0980392 
            0.729412 0.454902 0.454902 0.772549 0.501961 0.501961 0.701961 0.431373 0.431373 0.741176 0.466667 0.466667 
            0.733333 0.458824 0.458824 0.752941 0.482353 0.482353 0.721569 0.447059 0.447059 0.741176 0.466667 0.466667 
            0.654902 0.380392 0.380392 0.764706 0.490196 0.490196 0.741176 0.466667 0.466667 0.72549 0.45098 0.45098 
            0.717647 0.443137 0.443137 0.658824 0.384314 0.384314 0.690196 0.415686 0.415686 0.760784 0.486275 0.486275 
            0.764706 0.490196 0.490196 0.54902 0.27451 0.27451 0.701961 0.427451 0.427451 0.588235 0.313725 0.313725 
            0.717647 0.443137 0.443137 0.729412 0.454902 0.454902 0.74902 0.47451 0.47451 0.74902 0.47451 0.47451 
            0.776471 0.501961 0.501961 0.776471 0.501961 0.501961 0.556863 0.282353 0.282353 0.741176 0.466667 0.466667 
            0.760784 0.486275 0.486275 0.772549 0.501961 0.501961 0.729412 0.454902 0.454902 0.607843 0.333333 0.333333 
            0.686275 0.411765 0.411765 0.729412 0.454902 0.454902 0.733333 0.462745 0.462745 0.560784 0.290196 0.290196 
            0.729412 0.454902 0.454902 0.54902 0.27451 0.27451 0.733333 0.458824 0.458824 0.654902 0.380392 0.380392 
            0.745098 0.470588 0.470588 0.678431 0.403922 0.403922 0.678431 0.403922 0.403922 0.666667 0.392157 0.392157 
            0.65098 0.376471 0.376471 0.74902 0.47451 0.47451 0.756863 0.482353 0.482353 0.74902 0.47451 0.47451 
            0.733333 0.462745 0.462745 0.772549 0.501961 0.501961 0.72549 0.45098 0.45098 0.713725 0.439216 0.439216 
            0.729412 0.454902 0.454902 0.776471 0.501961 0.501961 0.741176 0.466667 0.466667 0.741176 0.466667 0.466667 
            0.733333 0.458824 0.458824 0.658824 0.384314 0.384314 0.760784 0.486275 0.486275 0.729412 0.454902 0.454902 
            0.717647 0.443137 0.443137 0.701961 0.431373 0.431373 0.72549 0.45098 0.45098 0.654902 0.380392 0.380392 
            0.729412 0.454902 0.454902 0.733333 0.462745 0.462745 0.752941 0.482353 0.482353 0.717647 0.443137 0.443137 
            0.670588 0.396078 0.396078 0.776471 0.501961 0.501961 0.733333 0.458824 0.458824 0.717647 0.443137 0.443137 
            0.772549 0.501961 0.501961 0.72549 0.45098 0.45098 0.776471 0.501961 0.501961 0.741176 0.466667 0.466667 
            0.733333 0.462745 0.462745 0.729412 0.454902 0.454902 0.772549 0.498039 0.498039 0.74902 0.47451 0.47451 
            0.709804 0.435294 0.435294 0.780392 0.505882 0.505882 0.776471 0.501961 0.501961 0.721569 0.447059 0.447059 
            0.733333 0.458824 0.458824 0.717647 0.443137 0.443137 0.709804 0.435294 0.435294 0.745098 0.470588 0.470588 
            0.733333 0.462745 0.462745 0.741176 0.466667 0.466667 0.745098 0.470588 0.470588 0.713725 0.439216 0.439216 
            0.768627 0.494118 0.494118 0.74902 0.47451 0.47451 0.741176 0.466667 0.466667 0.772549 0.498039 0.498039 
            0.709804 0.435294 0.435294 0.745098 0.470588 0.470588 0.772549 0.501961 0.501961 0.72549 0.45098 0.45098 
            0.729412 0.454902 0.454902 0.752941 0.482353 0.482353 0.772549 0.498039 0.498039 0.756863 0.482353 0.482353 
            0.741176 0.466667 0.466667 0.639216 0.364706 0.364706 0.694118 0.419608 0.419608 0.717647 0.443137 0.443137 
            0.729412 0.454902 0.454902 0.678431 0.403922 0.403922 0.721569 0.447059 0.447059 0.721569 0.447059 0.447059 
            0.741176 0.466667 0.466667 0.701961 0.427451 0.427451 0.74902 0.47451 0.47451 0.741176 0.466667 0.466667 
            0.74902 0.47451 0.47451 0.709804 0.435294 0.435294 0.560784 0.290196 0.290196 0.639216 0.364706 0.364706 
            0.619608 0.345098 0.345098 0.772549 0.498039 0.498039 0.717647 0.443137 0.443137 0.654902 0.380392 0.380392 
            0.670588 0.396078 0.396078 0.662745 0.388235 0.388235 0.729412 0.454902 0.454902 0.741176 0.466667 0.466667 
            0.709804 0.435294 0.435294 0.694118 0.419608 0.419608 0.639216 0.364706 0.364706 0.733333 0.458824 0.458824 
            0.74902 0.47451 0.47451 0.701961 0.427451 0.427451 0.74902 0.47451 0.47451 0.462745 0.188235 0.188235 
            0.745098 0.470588 0.470588 0.556863 0.282353 0.282353 0.596078 0.321569 0.321569 0.74902 0.47451 0.47451 
            0.717647 0.443137 0.443137 0.6 0.32549 0.32549 0.760784 0.486275 0.486275 0.576471 0.301961 0.301961 
            0.560784 0.290196 0.290196 0.752941 0.482353 0.482353 0.74902 0.47451 0.47451 0.694118 0.419608 0.419608 
            0.619608 0.345098 0.345098 0.776471 0.501961 0.501961 0.74902 0.47451 0.47451 0.729412 0.454902 0.454902 
            0.639216 0.364706 0.364706 0.776471 0.501961 0.501961 0.764706 0.490196 0.490196 0.592157 0.317647 0.317647 
            0.596078 0.321569 0.321569 0.780392 0.505882 0.505882 0.780392 0.505882 0.505882 0.733333 0.458824 0.458824 
            0.670588 0.396078 0.396078 0.607843 0.333333 0.333333 0.764706 0.490196 0.490196 0.752941 0.482353 0.482353 
            0.654902 0.380392 0.380392 0.631373 0.356863 0.356863 0.729412 0.454902 0.454902 0.72549 0.45098 0.45098 
            0.74902 0.47451 0.47451 0.752941 0.482353 0.482353 0.733333 0.462745 0.462745 0.701961 0.431373 0.431373 
            0.584314 0.309804 0.309804 0.556863 0.282353 0.282353 0.682353 0.411765 0.411765 0.74902 0.47451 0.47451 
            0.6 0.32549 0.32549 0.623529 0.34902 0.34902 0.780392 0.505882 0.505882 0.603922 0.329412 0.329412 
            0.603922 0.329412 0.329412 0.670588 0.396078 0.396078 0.733333 0.458824 0.458824 0.596078 0.321569 0.321569 
            0.772549 0.498039 0.498039 0.733333 0.458824 0.458824 0.666667 0.392157 0.392157 0.631373 0.356863 0.356863 
            0.619608 0.345098 0.345098 0.768627 0.494118 0.494118 0.772549 0.501961 0.501961 0.576471 0.301961 0.301961 
            0.72549 0.45098 0.45098 0.733333 0.462745 0.462745 0.733333 0.458824 0.458824 0.611765 0.341176 0.341176 
            0.733333 0.458824 0.458824 0.760784 0.486275 0.486275 0.741176 0.466667 0.466667 0.741176 0.466667 0.466667 
            0.686275 0.411765 0.411765 0.682353 0.407843 0.407843 0.709804 0.435294 0.435294 0.658824 0.384314 0.384314 
            0.74902 0.47451 0.47451 0.745098 0.470588 0.470588 0.556863 0.282353 0.282353 0.74902 0.47451 0.47451 
            0.556863 0.282353 0.282353 0.682353 0.411765 0.411765 0.627451 0.352941 0.352941 0.74902 0.47451 0.47451 
            0.72549 0.45098 0.45098 0.537255 0.262745 0.262745 0.635294 0.360784 0.360784 0.729412 0.454902 0.454902 
            0.690196 0.415686 0.415686 0.764706 0.490196 0.490196 0.639216 0.364706 0.364706 0.74902 0.47451 0.47451 
            0.780392 0.505882 0.505882 0.760784 0.486275 0.486275 0.682353 0.407843 0.407843 0.74902 0.47451 0.47451 
            0.760784 0.486275 0.486275 0.639216 0.364706 0.364706 0.733333 0.458824 0.458824 0.662745 0.388235 0.388235 
            0.709804 0.435294 0.435294 0.756863 0.482353 0.482353 0.717647 0.443137 0.443137 0.733333 0.458824 0.458824 
            0.698039 0.423529 0.423529 0.741176 0.466667 0.466667 0.65098 0.376471 0.376471 0.647059 0.372549 0.372549 
            0.741176 0.466667 0.466667 0.745098 0.470588 0.470588 0.733333 0.458824 0.458824 0.490196 0.215686 0.215686 
            0.701961 0.427451 0.427451 0.717647 0.443137 0.443137 0.733333 0.462745 0.462745 0.729412 0.454902 0.454902 
            0.678431 0.403922 0.403922 0.647059 0.372549 0.372549 0.709804 0.435294 0.435294 0.678431 0.403922 0.403922 
            0.760784 0.486275 0.486275 0.772549 0.498039 0.498039 0.760784 0.486275 0.486275 0.768627 0.494118 0.494118 
            0.768627 0.494118 0.494118 0.733333 0.462745 0.462745 0.74902 0.47451 0.47451 0.768627 0.494118 0.494118 
            0.772549 0.498039 0.498039 0.756863 0.482353 0.482353 0.701961 0.431373 0.431373 0.717647 0.443137 0.443137 
            0.741176 0.466667 0.466667 0.733333 0.458824 0.458824 0.760784 0.486275 0.486275 0.764706 0.490196 0.490196 
            0.760784 0.486275 0.486275 0.733333 0.462745 0.462745 0.733333 0.458824 0.458824 0.74902 0.47451 0.47451 
            0.741176 0.466667 0.466667 0.74902 0.47451 0.47451 0.74902 0.47451 0.47451 0.772549 0.501961 0.501961 
            0.780392 0.505882 0.505882 0.682353 0.407843 0.407843 0.756863 0.482353 0.482353 0.768627 0.494118 0.494118 
            0.607843 0.333333 0.333333 0.733333 0.458824 0.458824 0.756863 0.482353 0.482353 0.756863 0.482353 0.482353 
            0.741176 0.466667 0.466667 0.74902 0.47451 0.47451 0.741176 0.466667 0.466667 0.74902 0.47451 0.47451 
            0.772549 0.501961 0.501961 0.741176 0.466667 0.466667 0.780392 0.505882 0.505882 0.741176 0.466667 0.466667 
            0.701961 0.431373 0.431373 0.733333 0.458824 0.458824 0.756863 0.482353 0.482353 0.368627 0.0980392 0.0980392 
            0.752941 0.482353 0.482353 0.368627 0.0980392 0.0980392 0.72549 0.45098 0.45098 0.772549 0.501961 0.501961 
            0.74902 0.47451 0.47451 0.74902 0.47451 0.47451 0.74902 0.47451 0.47451 0.741176 0.466667 0.466667 
            0.717647 0.443137 0.443137 0.733333 0.462745 0.462745 0.756863 0.482353 0.482353 0.745098 0.470588 0.470588 
            0.741176 0.466667 0.466667 0.729412 0.454902 0.454902 0.733333 0.458824 0.458824 0.701961 0.427451 0.427451 
            0.682353 0.411765 0.411765 0.74902 0.47451 0.47451 0.713725 0.439216 0.439216 0.729412 0.454902 0.454902 
            0.694118 0.419608 0.419608 0.74902 0.47451 0.47451 0.717647 0.443137 0.443137 0.741176 0.466667 0.466667 
            0.717647 0.443137 0.443137 0.74902 0.47451 0.47451 0.698039 0.423529 0.423529 0.678431 0.403922 0.403922 
            0.701961 0.431373 0.431373 0.733333 0.462745 0.462745 0.729412 0.454902 0.454902 0.701961 0.431373 0.431373 
            0.666667 0.392157 0.392157 0.698039 0.423529 0.423529 0.72549 0.45098 0.45098 0.709804 0.435294 0.435294 
            0.741176 0.466667 0.466667 0.682353 0.407843 0.407843 0.741176 0.466667 0.466667 0.729412 0.454902 0.454902 
            0.760784 0.486275 0.486275 0.74902 0.47451 0.47451 0.694118 0.419608 0.419608 0.686275 0.411765 0.411765 
            0.709804 0.435294 0.435294 0.74902 0.47451 0.47451 0.72549 0.45098 0.45098 0.686275 0.411765 0.411765 
            0.741176 0.466667 0.466667 0.729412 0.454902 0.454902 0.521569 0.247059 0.247059 0.658824 0.384314 0.384314 
            0.678431 0.403922 0.403922 0.686275 0.411765 0.411765 0.509804 0.235294 0.235294 0.619608 0.345098 0.345098 
            0.670588 0.396078 0.396078 0.619608 0.345098 0.345098 0.6 0.32549 0.32549 0.556863 0.282353 0.282353 
            0.670588 0.396078 0.396078 0.411765 0.137255 0.137255 0.403922 0.129412 0.129412 0.631373 0.360784 0.360784 
            0.521569 0.247059 0.247059 0.682353 0.411765 0.411765 0.431373 0.156863 0.156863 0.631373 0.356863 0.356863 
            0.580392 0.309804 0.309804 0.701961 0.431373 0.431373 0.537255 0.262745 0.262745 0.447059 0.172549 0.172549 
            0.619608 0.345098 0.345098 0.666667 0.392157 0.392157 0.517647 0.243137 0.243137 0.666667 0.392157 0.392157 
            0.666667 0.392157 0.392157 0.505882 0.231373 0.231373 0.517647 0.243137 0.243137 0.403922 0.129412 0.129412 
            0.666667 0.392157 0.392157 0.607843 0.333333 0.333333 0.627451 0.352941 0.352941 0.556863 0.282353 0.282353 
            0.505882 0.231373 0.231373 0.368627 0.0980392 0.0980392 0.556863 0.282353 0.282353 0.505882 0.231373 0.231373 
            0.65098 0.376471 0.376471 0.698039 0.423529 0.423529 0.709804 0.435294 0.435294 0.666667 0.392157 0.392157 
            0.537255 0.262745 0.262745 0.733333 0.458824 0.458824 0.741176 0.466667 0.466667 0.698039 0.423529 0.423529 
            0.701961 0.431373 0.431373 0.701961 0.431373 0.431373 0.607843 0.333333 0.333333 0.584314 0.309804 0.309804 
            0.568627 0.294118 0.294118 0.494118 0.219608 0.219608
Triangle_list
1000
246 122 249
122 247 249
435 247 380
249 247 435
303 304 307
141 307 304
308 307 141
270 268 269
380 123 435
269 268 267
141 306 308
268 266 267
303 299 304
308 305 307
270 262 268
307 298 303
337 332 333
337 333 336
247 123 380
435 244 249
269 264 270
336 335 337
122 120 247
264 269 263
305 298 307
304 300 141
299 303 298
249 244 246
244 435 123
262 270 265
267 263 269
332 331 333
265 270 264
262 266 268
306 305 308
332 337 331
300 304 299
141 300 306
328 336 333
123 247 120
267 266 263
246 117 122
306 296 305
335 331 337
334 336 328
121 120 122
328 333 331
121 122 117
244 117 246
265 259 262
298 305 302
336 334 335
261 265 264
259 265 261
329 335 334
330 335 329
119 123 120
300 301 306
335 330 331
123 119 244
302 305 296
117 244 116
266 262 259
263 260 264
260 263 256
330 327 331
296 306 301
334 324 329
299 297 300
121 119 120
300 297 301
334 328 324
259 256 266
119 116 244
121 118 119
256 263 266
298 293 299
328 331 327
297 299 293
328 322 324
261 264 260
298 302 293
121 117 115
116 113 117
121 115 114
327 322 328
117 113 115
121 114 118
296 301 295
330 323 327
323 330 329
119 118 109
259 261 257
325 329 324
119 109 116
297 290 301
323 329 326
260 258 261
327 319 322
260 255 258
255 260 256
329 325 326
301 290 295
293 291 297
254 261 258
293 302 294
111 115 113
3 256 259
302 296 294
257 261 254
297 291 290
257 250 259
252 256 3
112 114 115
296 295 292
292 294 296
112 115 111
118 108 109
110 113 116
110 116 109
292 295 290
114 112 118
323 319 327
108 118 112
3 259 250
256 252 255
293 287 291
320 325 324
250 257 254
289 292 290
319 323 321
254 4 250
291 288 290
318 322 319
113 110 111
320 324 322
326 321 323
258 4 254
322 318 320
325 320 326
111 107 112
290 288 289
287 293 294
288 291 284
258 6 4
250 2 3
108 103 109
287 294 285
284 291 287
326 320 315
285 294 292
252 5 255
111 110 106
109 106 110
108 112 107
255 6 258
106 107 111
319 317 318
6 255 5
103 105 109
316 320 318
321 326 315
312 321 315
2 250 4
288 284 286
286 289 288
321 317 319
102 103 108
320 316 315
285 292 289
102 108 107
109 105 106
317 314 318
312 317 321
100 107 106
316 318 314
7 3 2
18 285 289
252 3 7
317 311 314
100 106 104
105 104 106
316 313 315
287 285 283
16 252 7
101 102 107
4 8 2
7 2 8
5 252 9
282 289 286
100 101 107
4 6 8
9 252 16
287 280 284
6 5 9
286 284 280
18 289 282
17 315 313
312 315 17
18 283 285
9 11 6
103 102 10
103 22 105
104 96 100
311 317 312
280 277 286
100 13 101
7 21 16
8 25 7
102 101 10
12 6 11
282 286 277
287 275 280
14 8 6
103 10 22
275 287 283
6 12 14
101 13 10
311 309 314
13 100 96
314 29 316
105 22 104
312 24 311
96 104 23
18 281 283
313 316 310
104 22 23
281 275 283
29 314 309
310 316 29
20 10 13
8 14 25
281 18 15
21 7 25
312 17 19
21 137 16
16 34 9
9 34 11
277 279 282
310 38 313
15 18 33
24 312 43
43 312 19
10 26 22
275 278 280
281 15 27
309 311 24
34 16 137
278 275 125
21 478 137
18 282 33
278 277 280
13 96 31
31 96 23
33 282 279
24 37 309
313 38 17
472 21 25
39 310 29
10 20 30
21 472 478
26 10 30
310 39 38
11 32 12
19 17 28
28 17 38
128 14 12
126 275 281
124 24 43
19 28 43
14 473 25
137 149 34
37 24 124
42 309 37
32 11 34
26 156 22
492 20 13
492 13 31
29 309 42
277 278 276
15 33 27
23 22 41
128 473 14
31 23 40
277 127 279
39 29 42
129 281 27
472 25 473
128 12 32
279 35 33
126 281 129
127 35 279
125 275 126
124 130 37
125 276 278
127 277 272
149 148 34
276 272 277
33 35 27
23 41 40
32 34 148
40 492 31
36 130 124
125 135 276
491 485 486
26 30 46
43 36 124
156 26 46
474 485 473
129 27 35
491 494 485
474 486 485
128 474 473
473 485 484
135 125 152
474 479 486
140 39 42
485 494 487
22 156 41
40 484 492
485 487 484
473 484 472
484 487 492
169 28 38
463 479 474
20 492 487
156 151 41
474 128 143
276 274 272
41 45 40
134 37 130
494 47 487
486 481 491
472 484 478
143 463 474
45 484 40
481 486 479
45 41 151
481 479 476
152 125 126
478 484 45
169 38 39
36 133 130
465 479 463
135 152 500
137 478 462
37 134 44
37 44 42
30 131 46
491 49 494
465 476 479
157 463 143
274 381 272
274 276 135
127 272 146
43 28 169
30 20 131
32 143 128
133 36 43
143 32 161
49 52 494
274 135 144
132 35 127
481 490 491
381 146 272
161 32 148
126 129 138
487 53 20
494 52 47
429 274 144
429 381 274
142 465 463
149 137 136
126 138 152
47 53 487
48 140 42
39 139 169
157 142 463
478 45 145
131 20 53
48 42 44
491 59 49
481 482 490
43 169 475
491 490 59
271 130 133
144 135 500
132 127 146
163 137 462
468 481 476
462 478 145
35 165 129
153 46 131
149 177 148
133 43 475
130 271 134
44 50 48
476 465 460
151 145 45
150 429 144
165 35 132
129 159 138
134 51 44
131 176 153
137 163 136
53 47 58
147 460 465
44 51 50
155 151 156
147 465 142
140 139 39
468 482 481
1 429 150
136 177 149
139 140 48
177 170 148
166 462 145
1 381 429
165 159 129
131 53 55
144 500 54
145 151 154
271 133 475
499 500 152
143 161 157
464 468 476
134 470 51
154 151 155
52 49 64
162 169 139
161 148 185
185 148 170
464 476 460
381 430 146
54 500 499
461 50 51
59 64 49
158 468 464
1 430 381
471 482 468
176 131 55
157 173 142
475 469 271
46 153 156
144 54 150
467 51 470
499 152 138
488 54 499
134 271 470
165 160 159
158 461 468
482 495 490
155 164 154
461 471 468
50 461 158
490 495 59
58 47 52
177 136 175
54 493 150
499 138 497
147 142 173
466 461 51
156 167 155
158 48 50
48 57 139
166 163 462
1 150 56
467 466 51
164 155 167
60 52 64
179 136 163
493 56 150
469 470 271
488 493 54
53 58 55
430 174 146
497 138 159
181 153 176
475 483 469
434 430 1
460 187 464
0 493 488
158 178 48
488 499 498
56 0 1
482 471 495
483 470 469
158 464 187
132 146 174
63 139 57
194 145 154
157 185 173
169 162 180
56 493 0
480 483 488
159 62 497
466 471 461
0 434 1
475 477 483
178 57 48
467 470 466
495 488 498
62 159 160
162 139 63
161 185 157
171 166 145
163 166 171
483 480 470
64 59 61
470 471 466
158 187 178
470 480 471
156 153 167
66 147 173
480 488 495
169 168 475
471 480 495
147 187 460
52 60 58
499 497 501
489 0 488
59 190 61
171 145 194
499 501 498
168 169 172
175 136 179
71 497 62
67 147 66
497 65 501
132 174 183
177 196 170
495 190 59
477 488 483
147 67 187
132 203 165
190 495 498
163 199 179
477 489 488
172 169 180
430 496 174
498 501 190
165 186 160
496 430 434
475 168 477
171 199 163
183 174 496
175 73 177
55 58 212
434 0 489
203 186 165
176 215 181
58 60 182
73 179 199
153 181 167
183 201 132
496 434 489
179 73 175
203 132 201
215 176 55
185 170 196
66 173 185
164 204 154
182 212 58
184 162 63
497 71 65
180 162 184
57 193 63
160 69 62
215 55 212
496 489 183
70 64 61
178 193 57
64 70 60
204 164 167
201 183 191
489 191 183
177 73 68
188 185 196
66 185 188
191 489 477
71 202 65
192 184 63
73 199 189
190 195 61
172 180 217
65 195 501
196 177 68
195 190 501
203 198 186
74 194 154
477 210 191
71 62 69
168 210 477
74 154 204
61 195 70
194 209 171
197 199 171
182 60 72
66 213 67
66 188 82
187 200 178
160 186 69
201 191 210
189 199 197
184 205 180
209 194 74
93 192 63
205 184 192
201 84 203
207 187 67
171 209 197
219 186 198
206 182 72
91 63 193
206 212 182
167 78 204
70 72 60
217 180 205
82 75 66
88 188 196
187 207 200
181 78 167
200 193 178
211 168 172
186 219 69
213 66 75
188 88 82
65 202 195
93 63 91
67 213 207
193 200 91
209 208 197
197 214 189
78 181 221
70 216 72
228 202 71
214 197 208
73 189 76
195 90 70
215 221 181
216 206 72
211 172 217
88 196 68
228 71 69
168 211 210
202 90 195
215 212 87
204 77 74
216 70 80
77 204 78
206 87 212
90 80 70
84 201 210
205 192 93
222 75 82
78 221 218
213 86 207
189 214 79
211 224 210
75 222 213
207 86 200
189 79 76
203 84 223
83 209 74
198 203 223
91 200 81
219 225 69
224 85 210
89 216 80
81 200 86
221 215 231
77 78 218
198 223 219
231 215 87
206 220 87
84 210 85
206 216 220
224 211 217
219 223 225
216 89 220
208 209 338
228 69 225
205 226 217
88 68 92
74 77 83
88 439 82
68 73 76
226 205 93
343 83 77
84 85 223
94 202 228
91 98 93
90 97 80
439 438 82
221 231 233
82 438 222
79 214 230
89 80 97
85 456 223
217 226 224
232 87 220
83 338 209
92 68 76
222 86 213
77 218 239
225 229 228
86 227 81
99 97 90
218 221 233
94 90 202
89 454 220
81 227 91
76 79 230
99 90 94
218 235 239
437 86 222
231 87 232
208 386 214
438 437 222
232 220 454
98 91 227
92 442 88
95 224 226
208 338 386
228 229 94
214 387 230
447 454 89
85 224 95
226 93 98
447 89 97
438 439 445
240 76 230
223 456 225
76 238 92
238 76 240
86 437 227
387 214 386
236 94 229
226 234 95
229 225 456
232 243 231
234 226 98
445 443 438
235 218 233
83 342 338
438 443 437
456 85 95
243 232 454
445 454 443
233 231 243
240 230 387
439 88 442
443 454 447
92 237 442
99 94 236
447 97 453
437 443 440
95 458 456
443 447 440
235 242 239
99 459 97
339 338 342
240 387 389
239 340 77
227 441 98
455 243 454
437 441 227
234 444 95
440 441 437
235 233 243
453 97 459
229 456 458
440 447 453
441 436 98
459 99 236
444 458 95
339 386 338
452 453 459
379 384 382
242 235 241
77 340 343
98 436 234
457 236 229
384 385 382
340 341 343
440 450 441
442 448 439
457 229 458
343 342 83
439 448 445
237 92 238
234 436 444
442 237 448
385 384 383
459 236 457
440 453 452
445 455 454
449 458 444
243 241 235
240 245 238
457 458 449
392 382 385
383 394 385
243 251 241
340 239 242
455 251 243
238 245 237
376 384 379
450 440 452
436 446 444
451 445 448
379 382 393
451 455 445
441 446 436
446 449 444
449 459 457
441 450 446
242 248 340
449 452 459
450 452 449
339 388 386
388 387 386
389 387 388
450 449 446
392 385 391
393 382 392
383 390 394
379 393 377
248 242 241
345 342 343
377 365 379
376 379 365
394 397 385
376 383 384
455 451 251
354 353 367
354 349 353
390 383 399
367 353 365
342 349 354
341 345 343
377 367 365
385 397 391
245 253 237
240 389 398
360 365 353
376 399 383
362 353 349
345 349 342
353 362 360
341 340 248
368 367 377
391 396 392
376 365 360
392 396 393
402 399 376
396 391 397
368 357 367
339 342 354
273 251 451
251 273 241
410 393 396
253 245 412
390 399 394
354 367 356
388 398 389
377 393 368
357 356 367
362 349 358
240 398 245
407 357 368
360 362 408
237 253 448
360 402 376
451 448 253
339 401 388
354 356 339
397 394 404
345 341 350
417 397 404
400 241 273
404 399 402
396 397 417
394 399 404
350 349 345
393 407 368
398 388 401
248 241 400
341 248 350
409 245 398
408 362 358
350 358 349
396 417 410
407 393 410
360 408 402
451 395 273
400 405 248
356 413 339
357 407 415
451 253 395
401 403 398
402 411 404
413 356 357
405 346 248
410 419 407
346 350 248
358 350 355
357 415 413
413 401 339
410 416 419
245 409 412
395 253 412
415 407 419
352 401 413
411 417 404
400 273 406
402 408 421
421 418 402
414 358 355
352 403 401
411 420 417
358 414 408
346 355 350
416 410 417
421 408 414
406 273 395
402 418 411
409 398 403
424 419 416
424 415 419
405 400 347
355 346 405
403 348 409
423 413 415
359 406 395
347 400 406
423 415 424
413 423 363
406 359 347
363 352 413
411 425 420
366 363 423
418 425 411
355 422 414
412 409 344
421 414 422
424 416 426
417 426 416
403 352 348
422 355 369
395 412 344
426 417 420
409 348 344
421 425 418
421 422 425
355 405 364
424 431 423
364 405 347
395 344 359
363 372 352
372 363 366
431 424 426
352 372 348
369 355 364
366 423 431
344 351 359
431 426 378
425 422 428
420 378 426
359 364 347
351 344 348
366 431 427
369 428 422
348 361 351
361 348 372
432 431 378
425 428 420
378 420 428
369 364 370
371 359 351
364 359 371
427 431 432
369 433 428
361 371 351
372 378 374
370 433 369
374 378 428
374 361 372
364 371 370
361 374 371
372 366 375
374 428 373
378 375 432
378 372 375
373 428 433
375 366 427
373 371 374
373 370 371
432 375 427
370 373 433
