Vertices
180
-0.000001 1.000000 -0.000000
-0.000001 1.000000 -0.000000
-0.000001 1.000000 -0.000001
-0.000001 1.000000 -0.000001
-0.000000 1.000000 -0.000001
0.000000 1.000000 -0.000001
0.000001 1.000000 -0.000001
0.000001 1.000000 -0.000001
0.000001 1.000000 -0.000000
0.000001 1.000000 0.000000
0.000001 1.000000 0.000000
0.000001 1.000000 0.000001
0.000001 1.000000 0.000001
0.000000 1.000000 0.000001
-0.000000 1.000000 0.000001
-0.000001 1.000000 0.000001
-0.000001 1.000000 0.000001
-0.000001 1.000000 0.000000
-0.342021 0.939692 -0.000001
-0.321394 0.939692 -0.116979
-0.262003 0.939692 -0.219848
-0.171010 0.939692 -0.296199
-0.059391 0.939692 -0.336825
0.059392 0.939692 -0.336825
0.171011 0.939692 -0.296199
0.262004 0.939692 -0.219847
0.321395 0.939692 -0.116978
0.342021 0.939692 0.000000
0.321395 0.939692 0.116978
0.262004 0.939692 0.219847
0.171011 0.939692 0.296199
0.059392 0.939692 0.336825
-0.059391 0.939692 0.336825
-0.171010 0.939692 0.296199
-0.262003 0.939692 0.219848
-0.321394 0.939692 0.116979
-0.642788 0.766044 -0.000002
-0.604023 0.766044 -0.219848
-0.492403 0.766044 -0.413177
-0.321393 0.766044 -0.556672
-0.111618 0.766044 -0.633023
0.111620 0.766044 -0.633023
0.321395 0.766044 -0.556671
0.492405 0.766044 -0.413176
0.604023 0.766044 -0.219846
0.642788 0.766044 0.000000
0.604023 0.766044 0.219846
0.492405 0.766044 0.413176
0.321395 0.766044 0.556671
0.111620 0.766044 0.633023
-0.111618 0.766044 0.633023
-0.321393 0.766044 0.556672
-0.492403 0.766044 0.413177
-0.604023 0.766044 0.219848
-0.866026 0.500000 -0.000002
-0.813797 0.500000 -0.296200
-0.663413 0.500000 -0.556672
-0.433011 0.500000 -0.750001
-0.150383 0.500000 -0.852869
0.150385 0.500000 -0.852869
0.433013 0.500000 -0.750000
0.663414 0.500000 -0.556670
0.813798 0.500000 -0.296198
0.866026 0.500000 0.000000
0.813798 0.500000 0.296198
0.663414 0.500000 0.556670
0.433013 0.500000 0.750000
0.150385 0.500000 0.852869
-0.150383 0.500000 0.852869
-0.433011 0.500000 0.750001
-0.663413 0.500000 0.556672
-0.813797 0.500000 0.296200
-0.984808 0.173648 -0.000002
-0.925416 0.173648 -0.336826
-0.754405 0.173648 -0.633024
-0.492402 0.173648 -0.852869
-0.171009 0.173648 -0.969847
0.171011 0.173648 -0.969846
0.492405 0.173648 -0.852868
0.754407 0.173648 -0.633022
0.925417 0.173648 -0.336824
0.984808 0.173648 0.000000
0.925417 0.173648 0.336824
0.754407 0.173648 0.633022
0.492405 0.173648 0.852868
0.171011 0.173648 0.969846
-0.171009 0.173648 0.969847
-0.492402 0.173648 0.852869
-0.754405 0.173648 0.633024
-0.925416 0.173648 0.336826
-0.984808 -0.173648 -0.000002
-0.925416 -0.173648 -0.336826
-0.754405 -0.173648 -0.633024
-0.492402 -0.173648 -0.852869
-0.171009 -0.173648 -0.969847
0.171011 -0.173648 -0.969846
0.492405 -0.173648 -0.852868
0.754407 -0.173648 -0.633022
0.925417 -0.173648 -0.336824
0.984808 -0.173648 0.000000
0.925417 -0.173648 0.336824
0.754407 -0.173648 0.633022
0.492405 -0.173648 0.852868
0.171011 -0.173648 0.969846
-0.171009 -0.173648 0.969847
-0.492402 -0.173648 0.852869
-0.754405 -0.173648 0.633024
-0.925416 -0.173648 0.336826
-0.866026 -0.500000 -0.000002
-0.813797 -0.500000 -0.296200
-0.663413 -0.500000 -0.556672
-0.433011 -0.500000 -0.750001
-0.150383 -0.500000 -0.852869
0.150385 -0.500000 -0.852869
0.433013 -0.500000 -0.750000
0.663414 -0.500000 -0.556670
0.813798 -0.500000 -0.296198
0.866026 -0.500000 0.000000
0.813798 -0.500000 0.296198
0.663414 -0.500000 0.556670
0.433013 -0.500000 0.750000
0.150385 -0.500000 0.852869
-0.150383 -0.500000 0.852869
-0.433011 -0.500000 0.750001
-0.663413 -0.500000 0.556672
-0.813797 -0.500000 0.296200
-0.642788 -0.766044 -0.000002
-0.604023 -0.766044 -0.219848
-0.492403 -0.766044 -0.413177
-0.321393 -0.766044 -0.556672
-0.111618 -0.766044 -0.633023
0.111620 -0.766044 -0.633023
0.321395 -0.766044 -0.556671
0.492405 -0.766044 -0.413176
0.604023 -0.766044 -0.219846
0.642788 -0.766044 0.000000
0.604023 -0.766044 0.219846
0.492405 -0.766044 0.413176
0.321395 -0.766044 0.556671
0.111620 -0.766044 0.633023
-0.111618 -0.766044 0.633023
-0.321393 -0.766044 0.556672
-0.492403 -0.766044 0.413177
-0.604023 -0.766044 0.219848
-0.342021 -0.939692 -0.000001
-0.321394 -0.939692 -0.116979
-0.262003 -0.939692 -0.219848
-0.171010 -0.939692 -0.296199
-0.059391 -0.939692 -0.336825
0.059392 -0.939692 -0.336825
0.171011 -0.939692 -0.296199
0.262004 -0.939692 -0.219847
0.321395 -0.939692 -0.116978
0.342021 -0.939692 0.000000
0.321395 -0.939692 0.116978
0.262004 -0.939692 0.219847
0.171011 -0.939692 0.296199
0.059392 -0.939692 0.336825
-0.059391 -0.939692 0.336825
-0.171010 -0.939692 0.296199
-0.262003 -0.939692 0.219848
-0.321394 -0.939692 0.116979
-0.000001 -1.000000 -0.000000
-0.000001 -1.000000 -0.000000
-0.000001 -1.000000 -0.000001
-0.000001 -1.000000 -0.000001
-0.000000 -1.000000 -0.000001
0.000000 -1.000000 -0.000001
0.000001 -1.000000 -0.000001
0.000001 -1.000000 -0.000001
0.000001 -1.000000 -0.000000
0.000001 -1.000000 0.000000
0.000001 -1.000000 0.000000
0.000001 -1.000000 0.000001
0.000001 -1.000000 0.000001
0.000000 -1.000000 0.000001
-0.000000 -1.000000 0.000001
-0.000001 -1.000000 0.000001
-0.000001 -1.000000 0.000001
-0.000001 -1.000000 0.000000
Triangle_list
324
0 0 19
0 19 18
0 0 20
0 20 19
0 0 21
0 21 20
0 0 22
0 22 21
0 0 23
0 23 22
0 0 24
0 24 23
0 0 25
0 25 24
0 0 26
0 26 25
0 0 27
0 27 26
0 0 28
0 28 27
0 0 29
0 29 28
0 0 30
0 30 29
0 0 31
0 31 30
0 0 32
0 32 31
0 0 33
0 33 32
0 0 34
0 34 33
0 0 35
0 35 34
0 0 18
0 18 35
18 19 37
18 37 36
19 20 38
19 38 37
20 21 39
20 39 38
21 22 40
21 40 39
22 23 41
22 41 40
23 24 42
23 42 41
24 25 43
24 43 42
25 26 44
25 44 43
26 27 45
26 45 44
27 28 46
27 46 45
28 29 47
28 47 46
29 30 48
29 48 47
30 31 49
30 49 48
31 32 50
31 50 49
32 33 51
32 51 50
33 34 52
33 52 51
34 35 53
34 53 52
35 18 36
35 36 53
36 37 55
36 55 54
37 38 56
37 56 55
38 39 57
38 57 56
39 40 58
39 58 57
40 41 59
40 59 58
41 42 60
41 60 59
42 43 61
42 61 60
43 44 62
43 62 61
44 45 63
44 63 62
45 46 64
45 64 63
46 47 65
46 65 64
47 48 66
47 66 65
48 49 67
48 67 66
49 50 68
49 68 67
50 51 69
50 69 68
51 52 70
51 70 69
52 53 71
52 71 70
53 36 54
53 54 71
54 55 73
54 73 72
55 56 74
55 74 73
56 57 75
56 75 74
57 58 76
57 76 75
58 59 77
58 77 76
59 60 78
59 78 77
60 61 79
60 79 78
61 62 80
61 80 79
62 63 81
62 81 80
63 64 82
63 82 81
64 65 83
64 83 82
65 66 84
65 84 83
66 67 85
66 85 84
67 68 86
67 86 85
68 69 87
68 87 86
69 70 88
69 88 87
70 71 89
70 89 88
71 54 72
71 72 89
72 73 91
72 91 90
73 74 92
73 92 91
74 75 93
74 93 92
75 76 94
75 94 93
76 77 95
76 95 94
77 78 96
77 96 95
78 79 97
78 97 96
79 80 98
79 98 97
80 81 99
80 99 98
81 82 100
81 100 99
82 83 101
82 101 100
83 84 102
83 102 101
84 85 103
84 103 102
85 86 104
85 104 103
86 87 105
86 105 104
87 88 106
87 106 105
88 89 107
88 107 106
89 72 90
89 90 107
90 91 109
90 109 108
91 92 110
91 110 109
92 93 111
92 111 110
93 94 112
93 112 111
94 95 113
94 113 112
95 96 114
95 114 113
96 97 115
96 115 114
97 98 116
97 116 115
98 99 117
98 117 116
99 100 118
99 118 117
100 101 119
100 119 118
101 102 120
101 120 119
102 103 121
102 121 120
103 104 122
103 122 121
104 105 123
104 123 122
105 106 124
105 124 123
106 107 125
106 125 124
107 90 108
107 108 125
108 109 127
108 127 126
109 110 128
109 128 127
110 111 129
110 129 128
111 112 130
111 130 129
112 113 131
112 131 130
113 114 132
113 132 131
114 115 133
114 133 132
115 116 134
115 134 133
116 117 135
116 135 134
117 118 136
117 136 135
118 119 137
118 137 136
119 120 138
119 138 137
120 121 139
120 139 138
121 122 140
121 140 139
122 123 141
122 141 140
123 124 142
123 142 141
124 125 143
124 143 142
125 108 126
125 126 143
126 127 145
126 145 144
127 128 146
127 146 145
128 129 147
128 147 146
129 130 148
129 148 147
130 131 149
130 149 148
131 132 150
131 150 149
132 133 151
132 151 150
133 134 152
133 152 151
134 135 153
134 153 152
135 136 154
135 154 153
136 137 155
136 155 154
137 138 156
137 156 155
138 139 157
138 157 156
139 140 158
139 158 157
140 141 159
140 159 158
141 142 160
141 160 159
142 143 161
142 161 160
143 126 144
143 144 161
144 145 162
144 162 162
145 146 162
145 162 162
146 147 162
146 162 162
147 148 162
147 162 162
148 149 162
148 162 162
149 150 162
149 162 162
150 151 162
150 162 162
151 152 162
151 162 162
152 153 162
152 162 162
153 154 162
153 162 162
154 155 162
154 162 162
155 156 162
155 162 162
156 157 162
156 162 162
157 158 162
157 162 162
158 159 162
158 162 162
159 160 162
159 162 162
160 161 162
160 162 162
161 144 162
161 162 162
